 # created by main.f90 with subroutines in routines.f90
 #
 # parameters: U=  8.00   t= -1.00   W= 12.00
 # nbins= 120 ensemble size=8500
 #
 # Filling:  0.500619531
 # Filling Error:   5.98559948E-03
 #
 #  Frequency           DOS             GIPR
  -12.0000000       2.10952875E-03  0.594905138    
  -11.7999992       2.29294039E-03  0.595340729    
  -11.5999994       2.56412569E-03  0.596997499    
  -11.3999987       2.87860329E-03  0.601797104    
  -11.1999989       3.10187927E-03  0.599712312    
  -10.9999981       3.52788158E-03  0.610151052    
  -10.7999964       4.05620178E-03  0.619200826    
  -10.5999956       4.74462472E-03  0.626409709    
  -10.3999958       5.53311454E-03  0.632474542    
  -10.1999941       6.75688777E-03  0.649995327    
  -9.99999237       8.00706446E-03  0.655804217    
  -9.79998970       9.71648842E-03  0.664042115    
  -9.59998989       1.12145031E-02  0.653177619    
  -9.39999008       1.27784442E-02  0.643362880    
  -9.19999027       1.41181666E-02  0.632733107    
  -8.99998760       1.59540623E-02  0.617748380    
  -8.79998589       1.65331177E-02  0.605506182    
  -8.59998608       1.75907873E-02  0.598798871    
  -8.39998531       1.85917653E-02  0.577719808    
  -8.19998455       1.91501230E-02  0.562072277    
  -7.99998522       2.04209927E-02  0.543736458    
  -7.79998541       2.13427991E-02  0.526344061    
  -7.59998465       2.24291682E-02  0.512288332    
  -7.39998484       2.39127353E-02  0.493870139    
  -7.19998503       2.56198775E-02  0.478878200    
  -6.99998474       2.74137519E-02  0.456939936    
  -6.79998493       2.92580258E-02  0.432704091    
  -6.59998465       3.01102884E-02  0.424224913    
  -6.39998674       3.12794074E-02  0.404781699    
  -6.19998598       3.31186876E-02  0.392543197    
  -5.99998665       3.56428884E-02  0.371154755    
  -5.79998684       3.63233238E-02  0.360538006    
  -5.59998655       3.81267443E-02  0.353803217    
  -5.39998722       3.97701487E-02  0.344366550    
  -5.19998646       3.97382453E-02  0.339534819    
  -4.99998713       4.17552404E-02  0.334392458    
  -4.79998827       4.20601666E-02  0.326593012    
  -4.59998798       4.48132381E-02  0.326258063    
  -4.39998960       4.42256369E-02  0.326450109    
  -4.19998884       4.67417687E-02  0.322245419    
  -3.99998856       4.75386530E-02  0.326966763    
  -3.79998851       4.59714271E-02  0.332133770    
  -3.59998918       4.68771085E-02  0.347112000    
  -3.39998913       4.67358306E-02  0.352983236    
  -3.19998932       4.95962799E-02  0.357661754    
  -2.99998951       5.18494397E-02  0.367322683    
  -2.79999089       5.67162149E-02  0.387663901    
  -2.59999084       6.27514124E-02  0.406028152    
  -2.39999080       6.60221726E-02  0.409362316    
  -2.19999075       7.43602216E-02  0.429894269    
  -1.99999058       8.24539587E-02  0.437562585    
  -1.79999030       9.46063921E-02  0.436352670    
  -1.59999061      0.104925677      0.435801625    
  -1.39999056      0.119397357      0.424840569    
  -1.19999051      0.132469371      0.424568743    
 -0.999990463      0.133811325      0.420378566    
 -0.799990535      0.129330277      0.418957084    
 -0.599990368      0.120366044      0.419889569    
 -0.399990588      0.107078992      0.418228894    
 -0.199990496       7.49145448E-02  0.419288754    
   9.49203968E-06   7.15012103E-02  0.423784554    
  0.200009510      0.103355937      0.420627415    
  0.400009394      0.119791403      0.421244323    
  0.600009501      0.129569262      0.417959064    
  0.800009727      0.135386646      0.418346912    
   1.00000966      0.127009630      0.420311809    
   1.20000970      0.118545644      0.425283194    
   1.40000963      0.107466199      0.434459865    
   1.60000968       9.54930335E-02  0.441090465    
   1.80000973       8.55557695E-02  0.434944093    
   2.00000954       7.42508471E-02  0.424393266    
   2.20000911       6.48754090E-02  0.414304256    
   2.40000916       5.90148643E-02  0.398684442    
   2.60000920       5.66271208E-02  0.385515332    
   2.80000901       5.20065874E-02  0.371928215    
   3.00000834       4.82734740E-02  0.361135215    
   3.20000815       4.80961166E-02  0.352528691    
   3.40000796       4.64520901E-02  0.344798028    
   3.60000801       4.70936149E-02  0.333546102    
   3.80000806       4.68408540E-02  0.333040625    
   4.00000811       4.64885086E-02  0.328559369    
   4.20000792       4.56706397E-02  0.331332743    
   4.40000772       4.38668579E-02  0.330664217    
   4.60000753       4.24189270E-02  0.332521021    
   4.80000734       4.23528254E-02  0.334434986    
   5.00000715       4.04487029E-02  0.339149177    
   5.20000696       3.89361829E-02  0.340744436    
   5.40000725       3.91259566E-02  0.351481915    
   5.60000753       3.69894654E-02  0.357250392    
   5.80000687       3.39525491E-02  0.371355295    
   6.00000715       3.38836983E-02  0.388657808    
   6.20000696       3.18608657E-02  0.408070922    
   6.40000677       2.98230536E-02  0.420920312    
   6.60000753       2.86257975E-02  0.433893025    
   6.80000591       2.67892927E-02  0.454532564    
   7.00000620       2.56486256E-02  0.473371714    
   7.20000601       2.41083764E-02  0.495537281    
   7.40000582       2.30829548E-02  0.517582953    
   7.60000610       2.17461251E-02  0.530479789    
   7.80000544       2.01684833E-02  0.547708929    
   8.00000477       2.02266928E-02  0.564655304    
   8.20000553       1.88727751E-02  0.574019313    
   8.40000534       1.80321932E-02  0.589950800    
   8.60000515       1.67819522E-02  0.603305340    
   8.80000782       1.57936011E-02  0.620686889    
   9.00001049       1.43156014E-02  0.628118157    
   9.20001030       1.26485331E-02  0.632875681    
   9.40001011       1.10064475E-02  0.647112131    
   9.60001183       9.61030088E-03  0.659029126    
   9.80001163       8.18141457E-03  0.655138731    
   10.0000143       6.90847822E-03  0.656850278    
   10.2000151       5.71848452E-03  0.645029664    
   10.4000139       4.85474989E-03  0.629310966    
   10.6000147       4.22237441E-03  0.625888407    
   10.8000154       3.61921708E-03  0.610739172    
   11.0000162       3.16236122E-03  0.602177143    
   11.2000170       2.82655144E-03  0.596774399    
   11.4000168       2.55637895E-03  0.598828614    
   11.6000166       2.27750326E-03  0.592352450    
   11.8000174       2.09450722E-03  0.590389967    
