 # created by main.f90 with subroutines in routines.f90
 #
 # parameters: U=  8.00   t= -1.00   W= 12.00
 # nbins= 240  ensemble size=8300           
 #
 # Filling:  0.500948906    
 # Filling Error:   6.48622680E-03
 #
 #  Frequency           DOS             GIPR
  -12.0000000       2.08745315E-03   1.58710968    
  -11.8999996       2.12325202E-03   1.51615727    
  -11.7999992       2.25338223E-03   1.44141722    
  -11.6999979       2.37917574E-03   1.36103094    
  -11.5999994       2.45876587E-03   1.30695844    
  -11.4999981       2.62973108E-03   1.23225057    
  -11.3999977       2.70533515E-03   1.19049609    
  -11.2999983       2.93666986E-03   1.13189626    
  -11.1999979       3.12925735E-03   1.09551620    
  -11.0999985       3.27286450E-03   1.06481612    
  -10.9999962       3.53933801E-03   1.01542556    
  -10.8999958       3.84424953E-03  0.985859036    
  -10.7999954       3.87028302E-03  0.968207896    
  -10.6999950       4.17980505E-03  0.943205774    
  -10.5999956       4.56337770E-03  0.902803361    
  -10.4999943       5.19104581E-03  0.874985337    
  -10.3999939       5.57404384E-03  0.851026773    
  -10.2999945       5.86743699E-03  0.823937654    
  -10.1999941       6.50308747E-03  0.815559745    
  -10.0999928       7.14493403E-03  0.793683290    
  -9.99999237       7.73802260E-03  0.775161803    
  -9.89999294       8.65923986E-03  0.766580760    
  -9.79999256       9.25101060E-03  0.750799835    
  -9.69999123       1.04421787E-02  0.739241481    
  -9.59999180       1.13945538E-02  0.728904903    
  -9.49999142       1.20643880E-02  0.723699033    
  -9.39999008       1.26081463E-02  0.699998140    
  -9.29998970       1.31749585E-02  0.688680589    
  -9.19998837       1.41196707E-02  0.687986195    
  -9.09998894       1.44663723E-02  0.674258173    
  -8.99998856       1.51639059E-02  0.663211226    
  -8.89998913       1.55124525E-02  0.649620891    
  -8.79998779       1.65987723E-02  0.639893293    
  -8.69998646       1.65884662E-02  0.633202612    
  -8.59998703       1.73150562E-02  0.628542244    
  -8.49998665       1.77662484E-02  0.617837131    
  -8.39998627       1.78038999E-02  0.603892803    
  -8.29998684       1.87482275E-02  0.602568984    
  -8.19998455       1.93276946E-02  0.594451666    
  -8.09998512       2.03276724E-02  0.584772110    
  -7.99998474       2.03800574E-02  0.573872447    
  -7.89998484       2.06789002E-02  0.559326589    
  -7.79998493       2.15072855E-02  0.550820529    
  -7.69998503       2.21373476E-02  0.545991778    
  -7.59998512       2.29437090E-02  0.534587741    
  -7.49998569       2.35593673E-02  0.521703899    
  -7.39998579       2.43674051E-02  0.510171413    
  -7.29998589       2.48078462E-02  0.502962589    
  -7.19998598       2.46797893E-02  0.497787505    
  -7.09998608       2.54176632E-02  0.478163868    
  -6.99998569       2.61288602E-02  0.474653155    
  -6.89998674       2.65855305E-02  0.465169847    
  -6.79998684       2.79829893E-02  0.456794530    
  -6.69998693       2.84732766E-02  0.448703617    
  -6.59998703       2.91165914E-02  0.434470505    
  -6.49998665       3.09860930E-02  0.421513855    
  -6.39998674       3.05060931E-02  0.414038509    
  -6.29998684       3.21666524E-02  0.404519290    
  -6.19998789       3.38136889E-02  0.395856112    
  -6.09998798       3.31463553E-02  0.390511632    
  -5.99998760       3.49515565E-02  0.390243411    
  -5.89998674       3.38810757E-02  0.371498346    
  -5.79998779       3.64833698E-02  0.362759322    
  -5.69998789       3.66484635E-02  0.361808419    
  -5.59998798       3.79880331E-02  0.356750816    
  -5.49998808       3.89828384E-02  0.350767404    
  -5.39998817       3.98780033E-02  0.348638356    
  -5.29998827       4.09562737E-02  0.343932033    
  -5.19998837       3.91069502E-02  0.345179558    
  -5.09998846       4.01272252E-02  0.342773497    
  -4.99998808       4.24056575E-02  0.336006820    
  -4.89998817       4.25886884E-02  0.337841392    
  -4.79998875       4.22827527E-02  0.333275914    
  -4.69998837       4.33311164E-02  0.332829505    
  -4.59998846       4.37445082E-02  0.336533159    
  -4.49998808       4.33474705E-02  0.328513563    
  -4.39998817       4.48635519E-02  0.325590551    
  -4.29998875       4.60860915E-02  0.327192098    
  -4.19998884       4.65335883E-02  0.327457011    
  -4.09998894       5.00832312E-02  0.326525241    
  -3.99998927       4.59425338E-02  0.335577041    
  -3.89998889       4.68870886E-02  0.335157543    
  -3.79998922       4.93826382E-02  0.337384075    
  -3.69998908       4.49013263E-02  0.335612953    
  -3.59998941       4.71253656E-02  0.344192177    
  -3.49998999       4.55463864E-02  0.349727392    
  -3.39999008       4.70804200E-02  0.351124704    
  -3.29999018       4.94868942E-02  0.358738363    
  -3.19999003       4.76797298E-02  0.361784935    
  -3.09998989       4.80585173E-02  0.364423841    
  -2.99999022       4.97755930E-02  0.368875593    
  -2.89999032       5.19484617E-02  0.375753909    
  -2.79999042       5.61215505E-02  0.382954746    
  -2.69999027       5.57298735E-02  0.389754683    
  -2.59999013       6.08524047E-02  0.398094714    
  -2.49999046       6.24233596E-02  0.400057077    
  -2.39999032       6.57918677E-02  0.412874550    
  -2.29999089       6.60432056E-02  0.419911265    
  -2.19999075       7.07381368E-02  0.420807719    
  -2.09999061       7.62969479E-02  0.430146009    
  -1.99999082       8.20973068E-02  0.436574429    
  -1.89999080       8.30866545E-02  0.440106362    
  -1.79999077       9.29380730E-02  0.438835651    
  -1.69999063       9.63671282E-02  0.433802098    
  -1.59999084      0.101946861      0.435711831    
  -1.49999058      0.113399595      0.429701537    
  -1.39999056      0.117558584      0.430643946    
  -1.29999053      0.123442441      0.424707681    
  -1.19999063      0.131342873      0.420553565    
  -1.09999061      0.130338073      0.421103507    
 -0.999990582      0.131324649      0.415900469    
 -0.899990499      0.134008557      0.420365095    
 -0.799990535      0.130856678      0.421740144    
 -0.699990511      0.134562790      0.422822177    
 -0.599990487      0.123517349      0.423312545    
 -0.499990463      0.119845085      0.424130201    
 -0.399990499      0.108991697      0.425388157    
 -0.299990475       9.68619287E-02  0.422328621    
 -0.199990511       8.60594362E-02  0.422380179    
  -9.99905169E-02   6.41544759E-02  0.423329324    
   9.49203968E-06   6.48623258E-02  0.419336855    
  0.100009486       8.04089159E-02  0.418821484    
  0.200009480       9.74777490E-02  0.414635777    
  0.300009489      0.109947585      0.424714863    
  0.400009513      0.118400991      0.421698481    
  0.500009477      0.126120195      0.417999595    
  0.600009501      0.126878366      0.416611433    
  0.700009525      0.128219977      0.417398393    
  0.800009549      0.127135813      0.421034217    
  0.900009632      0.127816394      0.420398206    
   1.00000954      0.130256027      0.418862611    
   1.10000956      0.124185704      0.422829360    
   1.20000970      0.129801914      0.426111937    
   1.30000961      0.115815632      0.432872951    
   1.40000963      0.111489289      0.433704078    
   1.50000966      0.102739140      0.436874360    
   1.60000968      0.100782193      0.437975377    
   1.70000982       8.93844739E-02  0.435289085    
   1.80000973       8.35860968E-02  0.434928387    
   1.90000975       8.33975971E-02  0.430348366    
   2.00000978       8.07984099E-02  0.434414774    
   2.10000968       7.00500607E-02  0.433117896    
   2.20000958       6.63453713E-02  0.417050004    
   2.30000925       6.41710162E-02  0.410465091    
   2.40000963       6.08008467E-02  0.410753250    
   2.50000954       6.01200126E-02  0.393473387    
   2.60000920       5.76996580E-02  0.395859122    
   2.70000935       5.35671823E-02  0.384771973    
   2.80000949       5.34492433E-02  0.376019597    
   2.90000892       4.98164035E-02  0.368409216    
   3.00000906       5.11165708E-02  0.363048136    
   3.10000896       4.84808199E-02  0.360152692    
   3.20000839       4.76232208E-02  0.353730977    
   3.30000854       4.95260805E-02  0.355798125    
   3.40000844       4.76846769E-02  0.344386816    
   3.50000811       4.71314229E-02  0.338162303    
   3.60000849       4.80428189E-02  0.337851793    
   3.70000792       4.80890535E-02  0.333689809    
   3.80000806       4.87334691E-02  0.330486625    
   3.90000796       4.64635268E-02  0.335650653    
   4.00000811       4.56644855E-02  0.330739737    
   4.10000753       4.56352010E-02  0.324995130    
   4.20000744       4.71635200E-02  0.326225966    
   4.30000734       4.44267131E-02  0.323666811    
   4.40000772       4.41409722E-02  0.325560749    
   4.50000811       4.26989831E-02  0.335555822    
   4.60000753       4.36490737E-02  0.329974890    
   4.70000744       4.17687111E-02  0.334724337    
   4.80000734       4.25073728E-02  0.338301599    
   4.90000772       4.04454358E-02  0.338703603    
   5.00000715       4.12909836E-02  0.336872458    
   5.10000706       4.03471403E-02  0.343936980    
   5.20000696       4.05956358E-02  0.337867469    
   5.30000687       3.79326195E-02  0.345541507    
   5.40000725       4.00741473E-02  0.348700017    
   5.50000715       3.88908982E-02  0.343211174    
   5.60000706       3.65272649E-02  0.358427137    
   5.70000696       3.51345688E-02  0.367205739    
   5.80000639       3.49108577E-02  0.372026414    
   5.90000677       3.54032628E-02  0.370270640    
   6.00000668       3.42491567E-02  0.380338132    
   6.10000658       3.37520726E-02  0.388703465    
   6.20000553       3.21903899E-02  0.400241017    
   6.30000544       3.06517296E-02  0.400514007    
   6.40000582       3.03437877E-02  0.413178533    
   6.50000572       2.91755367E-02  0.423541576    
   6.60000563       2.89580636E-02  0.430135578    
   6.70000553       2.90112849E-02  0.434626341    
   6.80000544       2.70575620E-02  0.452881098    
   6.90000582       2.65656225E-02  0.456386387    
   7.00000572       2.57479008E-02  0.472024053    
   7.10000420       2.51972098E-02  0.483650118    
   7.20000410       2.41447557E-02  0.487185746    
   7.30000401       2.38398127E-02  0.490871459    
   7.40000439       2.22110730E-02  0.506430626    
   7.50000429       2.24530138E-02  0.515532076    
   7.60000420       2.08902471E-02  0.518957675    
   7.70000410       2.11537220E-02  0.523995519    
   7.80000353       2.10533608E-02  0.534848750    
   7.90000391       2.02312302E-02  0.541830778    
   8.00000381       2.00911593E-02  0.555413485    
   8.10000515       1.97617132E-02  0.555696785    
   8.20000553       1.90841462E-02  0.566950560    
   8.30000591       1.89188737E-02  0.571005821    
   8.40000629       1.77300200E-02  0.580257654    
   8.50000668       1.77375767E-02  0.583181858    
   8.60000706       1.71273816E-02  0.598364413    
   8.70000839       1.58508103E-02  0.592389524    
   8.80000782       1.58548057E-02  0.601394355    
   8.90000725       1.47590665E-02  0.601525784    
   9.00000858       1.41793732E-02  0.605565429    
   9.10000801       1.38030965E-02  0.611637831    
   9.20000839       1.32359536E-02  0.618431926    
   9.30000973       1.23000024E-02  0.625095665    
   9.40001011       1.18908305E-02  0.630660951    
   9.50001049       1.09061040E-02  0.627638698    
   9.60001087       1.01544168E-02  0.631454110    
   9.70001316       9.28957574E-03  0.622450411    
   9.80001163       8.30424111E-03  0.615114808    
   9.90001297       7.71115394E-03  0.611168087    
   10.0000134       7.17917411E-03  0.610778034    
   10.1000137       6.47153286E-03  0.589577079    
   10.2000141       5.99365542E-03  0.580145419    
   10.3000145       5.36823226E-03  0.562337339    
   10.4000139       5.09775197E-03  0.554178774    
   10.5000143       4.61363466E-03  0.539754033    
   10.6000147       4.19673137E-03  0.520165145    
   10.7000151       3.94400908E-03  0.504939258    
   10.8000164       3.59417009E-03  0.491094947    
   10.9000158       3.44295148E-03  0.481859744    
   11.0000162       3.18405009E-03  0.469295114    
   11.1000175       3.04048811E-03  0.464651972    
   11.2000170       2.95629865E-03  0.459208667    
   11.3000183       2.67023267E-03  0.429319322    
   11.4000177       2.49168160E-03  0.416806370    
   11.5000191       2.46011675E-03  0.414909154    
   11.6000185       2.29320768E-03  0.405080706    
   11.7000189       2.19719810E-03  0.394755632    
   11.8000212       2.09689769E-03  0.383647770    
   11.9000206       2.02286756E-03  0.372191638    
