 # created by main.f90 with subroutines in routines.f90
 #
 # parameters: U=  8.00   t= -1.00   W= 12.00
 # nbins= 240 ensemble size=1000           
 #
 # Filling:  0.502257526    
 # Filling Error:   6.74599176E-03
 #
 #  Frequency           DOS             GIPR
  -12.0000000       2.09163688E-03   1.49986482    
  -11.8999996       2.07698834E-03   1.48570335    
  -11.7999992       2.33848579E-03   1.32618773    
  -11.6999989       2.38315668E-03   1.28093207    
  -11.5999985       2.51895306E-03   1.25140691    
  -11.4999981       2.69609620E-03   1.14027870    
  -11.3999977       2.83077289E-03   1.16250610    
  -11.2999973       3.16184922E-03   1.13835943    
  -11.1999969       3.13844206E-03   1.10689175    
  -11.0999966       3.46733723E-03   1.07546651    
  -10.9999962       3.73875583E-03  0.991653502    
  -10.8999958       4.03367868E-03  0.991418719    
  -10.7999954       3.84173333E-03  0.968829095    
  -10.6999950       4.13339771E-03  0.910976112    
  -10.5999947       4.20165109E-03  0.895902812    
  -10.4999943       4.84711304E-03  0.854120791    
  -10.3999939       5.69211366E-03  0.830175102    
  -10.2999935       5.62911341E-03  0.803965569    
  -10.1999931       6.26326492E-03  0.811136782    
  -10.0999928       6.97236601E-03  0.778933525    
  -9.99999237       7.47307204E-03  0.756396234    
  -9.89999199       8.51599872E-03  0.753193796    
  -9.79999161       9.21594817E-03  0.726239502    
  -9.69999123       1.02911154E-02  0.726194680    
  -9.59999084       1.23471506E-02  0.727006733    
  -9.49999046       1.25393448E-02  0.728925824    
  -9.39999008       1.30145065E-02  0.696055174    
  -9.29998970       1.32936938E-02  0.691256046    
  -9.19998932       1.50548238E-02  0.687208891    
  -9.09998894       1.42499963E-02  0.664660215    
  -8.99998856       1.51009448E-02  0.651563048    
  -8.89998817       1.49695799E-02  0.647709012    
  -8.79998779       1.64440870E-02  0.629705966    
  -8.69998741       1.63735729E-02  0.629399836    
  -8.59998703       1.88484304E-02  0.623656988    
  -8.49998665       1.75274573E-02  0.641348541    
  -8.39998627       1.76545586E-02  0.609367490    
  -8.29998589       1.82847958E-02  0.602290094    
  -8.19998550       1.89387277E-02  0.595297515    
  -8.09998512       1.90207809E-02  0.587977648    
  -7.99998522       1.97063480E-02  0.582634926    
  -7.89998531       2.12953314E-02  0.560979128    
  -7.79998541       2.18220465E-02  0.543923259    
  -7.69998550       2.26990599E-02  0.551669478    
  -7.59998560       2.37743743E-02  0.524921119    
  -7.49998569       2.43775249E-02  0.504849672    
  -7.39998579       2.42147576E-02  0.510435939    
  -7.29998589       2.56720819E-02  0.500833511    
  -7.19998598       2.33464260E-02  0.496775210    
  -7.09998608       2.41921488E-02  0.469727635    
  -6.99998617       2.56734267E-02  0.473428220    
  -6.89998627       2.66600940E-02  0.451481313    
  -6.79998636       3.06799654E-02  0.434259176    
  -6.69998646       2.69851126E-02  0.429512411    
  -6.59998655       2.98020188E-02  0.421624839    
  -6.49998665       3.16603966E-02  0.415428877    
  -6.39998674       3.14219519E-02  0.406544298    
  -6.29998684       3.17798704E-02  0.386573702    
  -6.19998693       3.36914994E-02  0.391186476    
  -6.09998703       3.31299528E-02  0.380403489    
  -5.99998713       3.42958122E-02  0.406295508    
  -5.89998722       3.40874381E-02  0.378933281    
  -5.79998732       3.52946110E-02  0.377411067    
  -5.69998741       4.17187586E-02  0.357433677    
  -5.59998751       4.04892676E-02  0.359366417    
  -5.49998760       3.95515189E-02  0.330905527    
  -5.39998770       4.01101820E-02  0.337559164    
  -5.29998779       3.93332131E-02  0.358639508    
  -5.19998789       4.39150631E-02  0.342981935    
  -5.09998798       3.79288085E-02  0.331215829    
  -4.99998808       4.32396568E-02  0.330313563    
  -4.89998817       3.98376100E-02  0.333797812    
  -4.79998827       4.30915393E-02  0.330120891    
  -4.69998837       4.20609862E-02  0.325688839    
  -4.59998846       4.62873317E-02  0.340989769    
  -4.49998856       4.41253595E-02  0.326752305    
  -4.39998865       4.51769568E-02  0.328938574    
  -4.29998875       4.54793908E-02  0.326944113    
  -4.19998884       5.01645431E-02  0.330911517    
  -4.09998894       5.10343052E-02  0.335978717    
  -3.99998903       4.56920899E-02  0.349657834    
  -3.89998913       4.80700172E-02  0.332532793    
  -3.79998922       4.83015403E-02  0.341900915    
  -3.69998932       4.48581614E-02  0.348472685    
  -3.59998941       4.81351055E-02  0.362136036    
  -3.49998951       4.50375900E-02  0.353270382    
  -3.39998960       4.70417812E-02  0.351679176    
  -3.29998970       4.87174839E-02  0.364442199    
  -3.19998980       4.32559922E-02  0.370915174    
  -3.09998989       4.62078340E-02  0.367974579    
  -2.99998999       4.68665585E-02  0.364906192    
  -2.89999008       5.00829406E-02  0.373276591    
  -2.79999018       5.55478260E-02  0.377937943    
  -2.69999027       5.43560535E-02  0.386910170    
  -2.59999037       6.13508150E-02  0.390419304    
  -2.49999046       5.46980798E-02  0.407746464    
  -2.39999056       6.75908625E-02  0.411443084    
  -2.29999065       6.05956912E-02  0.403862238    
  -2.19999075       7.59454072E-02  0.433171988    
  -2.09999084       7.91913942E-02  0.432425767    
  -1.99999082       8.95280913E-02  0.444655210    
  -1.89999080       9.22113955E-02  0.443104982    
  -1.79999077       9.11581963E-02  0.437586308    
  -1.69999075       9.36215371E-02  0.438576311    
  -1.59999073      0.100207508      0.435393929    
  -1.49999070      0.111122735      0.422966868    
  -1.39999068      0.116599023      0.422612906    
  -1.29999065      0.113731474      0.417361408    
  -1.19999063      0.140784234      0.427410364    
  -1.09999061      0.132992536      0.418557584    
 -0.999990582      0.128373608      0.411715090    
 -0.899990559      0.129650250      0.425282717    
 -0.799990535      0.143284410      0.434186459    
 -0.699990511      0.148535907      0.430217981    
 -0.599990487      0.118390620      0.419418246    
 -0.499990493      0.118589938      0.430022269    
 -0.399990499      0.113757700      0.424779326    
 -0.299990505       9.51332748E-02  0.415820390    
 -0.199990511       8.17785785E-02  0.424668372    
  -9.99905095E-02   5.65589592E-02  0.431703776    
   9.49203968E-06   6.74599186E-02  0.425886065    
  0.100009494       6.84362575E-02  0.412209213    
  0.200009495      0.105713427      0.420149416    
  0.300009489       9.66734886E-02  0.440910429    
  0.400009483      0.118714638      0.430122554    
  0.500009477      0.124248564      0.413609713    
  0.600009501      0.106901646      0.410021603    
  0.700009525      0.127626464      0.409388810    
  0.800009549      0.137056723      0.407250702    
  0.900009573      0.127795368      0.418322474    
   1.00000954      0.136293143      0.419870913    
   1.10000956      0.124156505      0.421093702    
   1.20000958      0.128285617      0.428309977    
   1.30000961      0.113144964      0.434774399    
   1.40000963      0.108056590      0.430252612    
   1.50000966      0.102958120      0.431271225    
   1.60000968      0.104623243      0.435726583    
   1.70000970       9.12281275E-02  0.440440893    
   1.80000973       8.27620849E-02  0.432008862    
   1.90000975       8.99147689E-02  0.442456692    
   2.00000978       7.71763474E-02  0.427840382    
   2.10000968       6.77817091E-02  0.436335236    
   2.20000958       6.85746595E-02  0.414169073    
   2.30000949       6.87501654E-02  0.427282631    
   2.40000939       6.77957684E-02  0.413573474    
   2.50000930       6.09469563E-02  0.394387573    
   2.60000920       5.45676872E-02  0.407560229    
   2.70000911       4.87906560E-02  0.394311398    
   2.80000901       5.53055629E-02  0.382106125    
   2.90000892       4.96793203E-02  0.363381386    
   3.00000882       4.90362905E-02  0.373803705    
   3.10000873       5.21835685E-02  0.361890465    
   3.20000863       4.49151620E-02  0.346124858    
   3.30000854       4.54520211E-02  0.361670345    
   3.40000844       5.13674356E-02  0.343545526    
   3.50000834       4.62616049E-02  0.333550304    
   3.60000825       4.29263115E-02  0.346468568    
   3.70000815       4.52305377E-02  0.340662211    
   3.80000806       4.63140756E-02  0.325675488    
   3.90000796       4.94936444E-02  0.320909709    
   4.00000811       5.09724542E-02  0.328915626    
   4.10000801       4.74995375E-02  0.320480943    
   4.20000792       4.77277003E-02  0.326767564    
   4.30000782       4.49795462E-02  0.327338547    
   4.40000772       3.94991599E-02  0.318247557    
   4.50000763       4.37516533E-02  0.332705528    
   4.60000753       4.49586883E-02  0.332048684    
   4.70000744       4.29638512E-02  0.324345022    
   4.80000734       4.43030521E-02  0.348264545    
   4.90000725       3.68602052E-02  0.338813752    
   5.00000715       3.81330177E-02  0.333810300    
   5.10000706       4.06693444E-02  0.356431782    
   5.20000696       4.05927189E-02  0.337584317    
   5.30000687       4.08687405E-02  0.342184663    
   5.40000677       4.44816500E-02  0.336851746    
   5.50000668       4.13524695E-02  0.346049041    
   5.60000658       3.69124562E-02  0.362626076    
   5.70000648       3.52034941E-02  0.375816345    
   5.80000639       3.39602418E-02  0.365497470    
   5.90000629       3.74860652E-02  0.365852773    
   6.00000620       3.48036699E-02  0.408412039    
   6.10000610       3.30586322E-02  0.386916697    
   6.20000601       3.04338783E-02  0.401567757    
   6.30000591       2.95992661E-02  0.414773494    
   6.40000582       3.01467758E-02  0.406109244    
   6.50000572       2.96627264E-02  0.412029296    
   6.60000563       2.85439473E-02  0.431455910    
   6.70000553       2.94215772E-02  0.443830729    
   6.80000544       2.87082326E-02  0.449213892    
   6.90000534       2.73902360E-02  0.453554213    
   7.00000525       2.63040494E-02  0.454744428    
   7.10000515       2.51330063E-02  0.458267957    
   7.20000505       2.36298367E-02  0.495686024    
   7.30000496       2.43366789E-02  0.490178257    
   7.40000486       2.30086539E-02  0.494963318    
   7.50000477       2.05554534E-02  0.507854760    
   7.60000467       2.07082666E-02  0.514950156    
   7.70000458       2.09930185E-02  0.517224967    
   7.80000448       1.89283285E-02  0.527047575    
   7.90000439       1.93402115E-02  0.528529167    
   8.00000477       2.04948802E-02  0.565460920    
   8.10000515       1.91461425E-02  0.564235330    
   8.20000553       2.01649908E-02  0.579545200    
   8.30000591       1.93840209E-02  0.569984674    
   8.40000629       1.77939329E-02  0.574679494    
   8.50000668       1.83654241E-02  0.610569656    
   8.60000706       1.80633310E-02  0.616729975    
   8.70000744       1.63779594E-02  0.589651167    
   8.80000782       1.60380453E-02  0.611465573    
   8.90000820       1.42281866E-02  0.599460959    
   9.00000858       1.46123618E-02  0.606568396    
   9.10000896       1.38262017E-02  0.633173943    
   9.20000935       1.25226658E-02  0.602965355    
   9.30000973       1.26736853E-02  0.627975702    
   9.40001011       1.19658196E-02  0.631624222    
   9.50001049       1.07710799E-02  0.646370232    
   9.60001087       9.70103033E-03  0.647609115    
   9.70001125       9.33318585E-03  0.628149867    
   9.80001163       7.86771905E-03  0.618482769    
   9.90001202       7.30282627E-03  0.601403177    
   10.0000124       7.86232669E-03  0.633992374    
   10.1000128       6.05190126E-03  0.603108287    
   10.2000132       6.43063802E-03  0.603201270    
   10.3000135       5.40517364E-03  0.569682598    
   10.4000139       5.17548621E-03  0.581745684    
   10.5000143       4.75654611E-03  0.535606980    
   10.6000147       3.80998943E-03  0.527674437    
   10.7000151       4.20228438E-03  0.519242585    
   10.8000154       3.58051155E-03  0.492950439    
   10.9000158       3.07716359E-03  0.468887687    
   11.0000162       2.93552876E-03  0.460270286    
   11.1000166       2.91310344E-03  0.463201135    
   11.2000170       2.76479893E-03  0.469670922    
   11.3000174       2.56870873E-03  0.435422808    
   11.4000177       2.35249382E-03  0.406886011    
   11.5000181       2.32359744E-03  0.399264216    
   11.6000185       2.05036532E-03  0.388068646    
   11.7000189       2.23829458E-03  0.390537620    
   11.8000193       1.95657718E-03  0.372711837    
   11.9000196       1.85254344E-03  0.362742484    
