n_up, n_dn:    2   2
Site_energies:   1.20956612      -1.08442998      0.634944677      -1.72150469    
Energy:   -7.94034426    
 Eigenvector:
 0.446749932E-01
 0.684877643E-03
-0.515847029E-01
-0.525160378E-01
-0.182319348    
-0.634738304E-01
 0.684877643E-03
-0.126593272E-04
-0.780070206E-03
-0.795199239E-03
-0.283986314E-02
-0.984463679E-03
-0.515847029E-01
-0.780070206E-03
 0.595590127E-01
 0.606339673E-01
 0.210490759    
 0.732904910E-01
-0.525160378E-01
-0.795199239E-03
 0.606339673E-01
 0.617283975E-01
 0.214292144    
 0.746123649E-01
-0.182319348    
-0.283986314E-02
 0.210490759    
 0.214292144    
 0.743866323    
 0.258937656    
-0.634738304E-01
-0.984463679E-03
 0.732904910E-01
 0.746123649E-01
 0.258937656    
 0.901618639E-01
