n_up, n_dn:    2   2
Site_energies:   2.98314357      -2.96260571     -0.153298974       1.39546537    
Energy:   -7.64007625    
 Eigenvector:
-0.945554682E-02
 0.110537625E-01
 0.831199196E-01
 0.713950774E-02
 0.474374707E-01
 0.718861021E-02
 0.110537625E-01
-0.129108242E-01
-0.970773438E-01
-0.836621901E-02
-0.554259249E-01
-0.839180923E-02
 0.831199196E-01
-0.970773438E-01
-0.729069492    
-0.626145351E-01
-0.416298003    
-0.630665429E-01
 0.713950774E-02
-0.836621901E-02
-0.626145351E-01
-0.537139105E-02
-0.357487366E-01
-0.542684488E-02
 0.474374707E-01
-0.554259249E-01
-0.416298003    
-0.357487366E-01
-0.237681911    
-0.359900547E-01
 0.718861021E-02
-0.839180923E-02
-0.630665429E-01
-0.542684488E-02
-0.359900547E-01
-0.543810601E-02
