  -20.0000      0.212851E-02   0.00000      0.577670E-05   0.00000    
  -19.9000      0.235519E-02   0.00000      0.580795E-05   0.00000    
  -19.8000      0.262113E-02   0.00000      0.583946E-05   0.00000    
  -19.7000      0.293602E-02   0.00000      0.587122E-05   0.00000    
  -19.6000      0.331264E-02   0.00000      0.590325E-05   0.00000    
  -19.5000      0.376829E-02   0.00000      0.593554E-05   0.00000    
  -19.4000      0.432676E-02   0.00000      0.596809E-05   0.00000    
  -19.3000      0.502143E-02   0.00000      0.600092E-05   0.00000    
  -19.2000      0.590053E-02   0.00000      0.603401E-05   0.00000    
  -19.1000      0.703540E-02   0.00000      0.606738E-05   0.00000    
  -19.0000      0.853559E-02   0.00000      0.610103E-05   0.00000    
  -18.9000      0.105759E-01   0.00000      0.613495E-05   0.00000    
  -18.8000      0.134489E-01   0.00000      0.616916E-05   0.00000    
  -18.7000      0.176738E-01   0.00000      0.620366E-05   0.00000    
  -18.6000      0.242420E-01   0.00000      0.623845E-05   0.00000    
  -18.5000      0.352337E-01   0.00000      0.627353E-05   0.00000    
  -18.4000      0.555877E-01   0.00000      0.630891E-05   0.00000    
  -18.3000      0.991321E-01   0.00000      0.634458E-05   0.00000    
  -18.2000      0.213425       0.00000      0.638057E-05   0.00000    
  -18.1000      0.558306       0.00000      0.641686E-05   0.00000    
  -18.0000      0.710083       0.00000      0.645346E-05   0.00000    
  -17.9000      0.282680       0.00000      0.649037E-05   0.00000    
  -17.8000      0.122317       0.00000      0.652760E-05   0.00000    
  -17.7000      0.652966E-01   0.00000      0.656515E-05   0.00000    
  -17.6000      0.400918E-01   0.00000      0.660303E-05   0.00000    
  -17.5000      0.269958E-01   0.00000      0.664123E-05   0.00000    
  -17.4000      0.193823E-01   0.00000      0.667977E-05   0.00000    
  -17.3000      0.145846E-01   0.00000      0.671865E-05   0.00000    
  -17.2000      0.113731E-01   0.00000      0.675786E-05   0.00000    
  -17.1000      0.912102E-02   0.00000      0.679742E-05   0.00000    
  -17.0000      0.748228E-02   0.00000      0.683733E-05   0.00000    
  -16.9000      0.625346E-02   0.00000      0.687759E-05   0.00000    
  -16.8000      0.530892E-02   0.00000      0.691820E-05   0.00000    
  -16.7000      0.456756E-02   0.00000      0.695918E-05   0.00000    
  -16.6000      0.397531E-02   0.00000      0.700053E-05   0.00000    
  -16.5000      0.349488E-02   0.00000      0.704224E-05   0.00000    
  -16.4000      0.309995E-02   0.00000      0.708432E-05   0.00000    
  -16.3000      0.277156E-02   0.00000      0.712679E-05   0.00000    
  -16.2000      0.249566E-02   0.00000      0.716963E-05   0.00000    
  -16.1000      0.226178E-02   0.00000      0.721287E-05   0.00000    
  -16.0000      0.206191E-02   0.00000      0.725650E-05   0.00000    
  -15.9000      0.188987E-02   0.00000      0.730052E-05   0.00000    
  -15.8000      0.174085E-02   0.00000      0.734495E-05   0.00000    
  -15.7000      0.161100E-02   0.00000      0.738978E-05   0.00000    
  -15.6000      0.149728E-02   0.00000      0.743503E-05   0.00000    
  -15.5000      0.139722E-02   0.00000      0.748069E-05   0.00000    
  -15.4000      0.130882E-02   0.00000      0.752677E-05   0.00000    
  -15.3000      0.123042E-02   0.00000      0.757328E-05   0.00000    
  -15.2000      0.116067E-02   0.00000      0.762023E-05   0.00000    
  -15.1000      0.109844E-02   0.00000      0.766761E-05   0.00000    
  -15.0000      0.104278E-02   0.00000      0.771543E-05   0.00000    
  -14.9000      0.992878E-03   0.00000      0.776370E-05   0.00000    
  -14.8000      0.948076E-03   0.00000      0.781243E-05   0.00000    
  -14.7000      0.907792E-03   0.00000      0.786162E-05   0.00000    
  -14.6000      0.871540E-03   0.00000      0.791127E-05   0.00000    
  -14.5000      0.838898E-03   0.00000      0.796140E-05   0.00000    
  -14.4000      0.809503E-03   0.00000      0.801200E-05   0.00000    
  -14.3000      0.783047E-03   0.00000      0.806309E-05   0.00000    
  -14.2000      0.759257E-03   0.00000      0.811467E-05   0.00000    
  -14.1000      0.737902E-03   0.00000      0.816674E-05   0.00000    
  -14.0000      0.718779E-03   0.00000      0.821932E-05   0.00000    
  -13.9000      0.701711E-03   0.00000      0.827241E-05   0.00000    
  -13.8000      0.686546E-03   0.00000      0.832601E-05   0.00000    
  -13.7000      0.673152E-03   0.00000      0.838013E-05   0.00000    
  -13.6000      0.661415E-03   0.00000      0.843479E-05   0.00000    
  -13.5000      0.651235E-03   0.00000      0.848998E-05   0.00000    
  -13.4000      0.642528E-03   0.00000      0.854571E-05   0.00000    
  -13.3000      0.635222E-03   0.00000      0.860200E-05   0.00000    
  -13.2000      0.629257E-03   0.00000      0.865884E-05   0.00000    
  -13.1000      0.624582E-03   0.00000      0.871625E-05   0.00000    
  -13.0000      0.621157E-03   0.00000      0.877423E-05   0.00000    
  -12.9000      0.618952E-03   0.00000      0.883279E-05   0.00000    
  -12.8000      0.617943E-03   0.00000      0.889194E-05   0.00000    
  -12.7000      0.618117E-03   0.00000      0.895169E-05   0.00000    
  -12.6000      0.619467E-03   0.00000      0.901204E-05   0.00000    
  -12.5000      0.621996E-03   0.00000      0.907300E-05   0.00000    
  -12.4000      0.625713E-03   0.00000      0.913458E-05   0.00000    
  -12.3000      0.630635E-03   0.00000      0.919680E-05   0.00000    
  -12.2000      0.636791E-03   0.00000      0.925965E-05   0.00000    
  -12.1000      0.644213E-03   0.00000      0.932315E-05   0.00000    
  -12.0000      0.652947E-03   0.00000      0.938730E-05   0.00000    
  -11.9000      0.663047E-03   0.00000      0.945211E-05   0.00000    
  -11.8000      0.674577E-03   0.00000      0.951760E-05   0.00000    
  -11.7000      0.687615E-03   0.00000      0.958377E-05   0.00000    
  -11.6000      0.702248E-03   0.00000      0.965064E-05   0.00000    
  -11.5000      0.718581E-03   0.00000      0.971821E-05   0.00000    
  -11.4000      0.736735E-03   0.00000      0.978649E-05   0.00000    
  -11.3000      0.756846E-03   0.00000      0.985549E-05   0.00000    
  -11.2000      0.779075E-03   0.00000      0.992522E-05   0.00000    
  -11.1000      0.803603E-03   0.00000      0.999570E-05   0.00000    
  -11.0000      0.830640E-03   0.00000      0.100669E-04   0.00000    
  -10.9000      0.860429E-03   0.00000      0.101389E-04   0.00000    
  -10.8000      0.893247E-03   0.00000      0.102117E-04   0.00000    
  -10.7000      0.929417E-03   0.00000      0.102853E-04   0.00000    
  -10.6000      0.969311E-03   0.00000      0.103596E-04   0.00000    
  -10.5000      0.101336E-02   0.00000      0.104348E-04   0.00000    
  -10.4000      0.106208E-02   0.00000      0.105108E-04   0.00000    
  -10.3000      0.111604E-02   0.00000      0.105876E-04   0.00000    
  -10.2000      0.117596E-02   0.00000      0.106652E-04   0.00000    
  -10.1000      0.124265E-02   0.00000      0.107438E-04   0.00000    
  -10.0000      0.131709E-02   0.00000      0.108231E-04   0.00000    
  -9.90000      0.140044E-02   0.00000      0.109034E-04   0.00000    
  -9.80000      0.149410E-02   0.00000      0.109846E-04   0.00000    
  -9.70000      0.159978E-02   0.00000      0.110667E-04   0.00000    
  -9.60000      0.171954E-02   0.00000      0.111497E-04   0.00000    
  -9.50000      0.185593E-02   0.00000      0.112336E-04   0.00000    
  -9.40000      0.201211E-02   0.00000      0.113185E-04   0.00000    
  -9.30000      0.219202E-02   0.00000      0.114044E-04   0.00000    
  -9.20000      0.240067E-02   0.00000      0.114912E-04   0.00000    
  -9.10000      0.264445E-02   0.00000      0.115790E-04   0.00000    
  -9.00000      0.293168E-02   0.00000      0.116679E-04   0.00000    
  -8.90000      0.327329E-02   0.00000      0.117577E-04   0.00000    
  -8.80000      0.368384E-02   0.00000      0.118487E-04   0.00000    
  -8.70000      0.418324E-02   0.00000      0.119406E-04   0.00000    
  -8.60000      0.479900E-02   0.00000      0.120337E-04   0.00000    
  -8.50000      0.557029E-02   0.00000      0.121278E-04   0.00000    
  -8.40000      0.655426E-02   0.00000      0.122231E-04   0.00000    
  -8.30000      0.783673E-02   0.00000      0.123194E-04   0.00000    
  -8.20000      0.955171E-02   0.00000      0.124170E-04   0.00000    
  -8.10000      0.119171E-01   0.00000      0.125156E-04   0.00000    
  -8.00000      0.153068E-01   0.00000      0.126155E-04   0.00000    
  -7.90000      0.204051E-01   0.00000      0.127166E-04   0.00000    
  -7.80000      0.285689E-01   0.00000      0.128188E-04   0.00000    
  -7.70000      0.427935E-01   0.00000      0.129224E-04   0.00000    
  -7.60000      0.706798E-01   0.00000      0.130271E-04   0.00000    
  -7.50000      0.135479       0.00000      0.131332E-04   0.00000    
  -7.40000      0.323019       0.00000      0.132406E-04   0.00000    
  -7.30000      0.762247       0.00000      0.133492E-04   0.00000    
  -7.20000      0.490713       0.00000      0.134593E-04   0.00000    
  -7.10000      0.189776       0.00000      0.135707E-04   0.00000    
  -7.00000      0.910093E-01   0.00000      0.136834E-04   0.00000    
  -6.90000      0.521946E-01   0.00000      0.137976E-04   0.00000    
  -6.80000      0.336368E-01   0.00000      0.139132E-04   0.00000    
  -6.70000      0.234598E-01   0.00000      0.140303E-04   0.00000    
  -6.60000      0.173152E-01   0.00000      0.141489E-04   0.00000    
  -6.50000      0.133353E-01   0.00000      0.142690E-04   0.00000    
  -6.40000      0.106170E-01   0.00000      0.143906E-04   0.00000    
  -6.30000      0.868255E-02   0.00000      0.145138E-04   0.00000    
  -6.20000      0.726006E-02   0.00000      0.146385E-04   0.00000    
  -6.10000      0.618627E-02   0.00000      0.147649E-04   0.00000    
  -6.00000      0.535817E-02   0.00000      0.148929E-04   0.00000    
  -5.90000      0.470836E-02   0.00000      0.150226E-04   0.00000    
  -5.80000      0.419131E-02   0.00000      0.151540E-04   0.00000    
  -5.70000      0.377531E-02   0.00000      0.152872E-04   0.00000    
  -5.60000      0.343790E-02   0.00000      0.154221E-04   0.00000    
  -5.50000      0.316271E-02   0.00000      0.155587E-04   0.00000    
  -5.40000      0.293772E-02   0.00000      0.156973E-04   0.00000    
  -5.30000      0.275398E-02   0.00000      0.158376E-04   0.00000    
  -5.20000      0.260472E-02   0.00000      0.159799E-04   0.00000    
  -5.10000      0.248485E-02   0.00000      0.161241E-04   0.00000    
  -5.00000      0.239051E-02   0.00000      0.162702E-04   0.00000    
  -4.90000      0.231883E-02   0.00000      0.164183E-04   0.00000    
  -4.80000      0.226774E-02   0.00000      0.165685E-04   0.00000    
  -4.70000      0.223578E-02   0.00000      0.167208E-04   0.00000    
  -4.60000      0.222209E-02   0.00000      0.168751E-04   0.00000    
  -4.50000      0.222631E-02   0.00000      0.170316E-04   0.00000    
  -4.40000      0.224858E-02   0.00000      0.171903E-04   0.00000    
  -4.30000      0.228953E-02   0.00000      0.173512E-04   0.00000    
  -4.20000      0.235032E-02   0.00000      0.175144E-04   0.00000    
  -4.10000      0.243273E-02   0.00000      0.176799E-04   0.00000    
  -4.00000      0.253926E-02   0.00000      0.178477E-04   0.00000    
  -3.90000      0.267329E-02   0.00000      0.180180E-04   0.00000    
  -3.80000      0.283930E-02   0.00000      0.181907E-04   0.00000    
  -3.70000      0.304324E-02   0.00000      0.183659E-04   0.00000    
  -3.60000      0.329297E-02   0.00000      0.185436E-04   0.00000    
  -3.50000      0.359901E-02   0.00000      0.187240E-04   0.00000    
  -3.40000      0.397555E-02   0.00000      0.189069E-04   0.00000    
  -3.30000      0.444198E-02   0.00000      0.190926E-04   0.00000    
  -3.20000      0.502538E-02   0.00000      0.192810E-04   0.00000    
  -3.10000      0.576420E-02   0.00000      0.194723E-04   0.00000    
  -3.00000      0.671466E-02   0.00000      0.196663E-04   0.00000    
  -2.90000      0.796135E-02   0.00000      0.198633E-04   0.00000    
  -2.80000      0.963591E-02   0.00000      0.200633E-04   0.00000    
  -2.70000      0.119527E-01   0.00000      0.202663E-04   0.00000    
  -2.60000      0.152784E-01   0.00000      0.204724E-04   0.00000    
  -2.50000      0.202826E-01   0.00000      0.206817E-04   0.00000    
  -2.40000      0.282907E-01   0.00000      0.208942E-04   0.00000    
  -2.30000      0.422131E-01   0.00000      0.211100E-04   0.00000    
  -2.20000      0.694029E-01   0.00000      0.213291E-04   0.00000    
  -2.10000      0.132191       0.00000      0.215517E-04   0.00000    
  -2.00000      0.312727       0.00000      0.217778E-04   0.00000    
  -1.90000      0.751418       0.00000      0.220074E-04   0.00000    
  -1.80000      0.506594       0.00000      0.222407E-04   0.00000    
  -1.70000      0.195132       0.00000      0.224777E-04   0.00000    
  -1.60000      0.928473E-01   0.00000      0.227186E-04   0.00000    
  -1.50000      0.529378E-01   0.00000      0.229633E-04   0.00000    
  -1.40000      0.339482E-01   0.00000      0.232120E-04   0.00000    
  -1.30000      0.235648E-01   0.00000      0.234648E-04   0.00000    
  -1.20000      0.173033E-01   0.00000      0.237217E-04   0.00000    
  -1.10000      0.132479E-01   0.00000      0.239829E-04   0.00000    
  -1.00000      0.104748E-01   0.00000      0.242484E-04   0.00000    
 -0.900000      0.849620E-02   0.00000      0.245183E-04   0.00000    
 -0.800000      0.703561E-02   0.00000      0.247928E-04   0.00000    
 -0.700000      0.592676E-02   0.00000      0.250719E-04   0.00000    
 -0.600000      0.506513E-02   0.00000      0.253557E-04   0.00000    
 -0.500000      0.438221E-02   0.00000      0.256444E-04   0.00000    
 -0.400000      0.383165E-02   0.00000      0.259381E-04   0.00000    
 -0.300000      0.338125E-02   0.00000      0.262368E-04   0.00000    
 -0.200000      0.300800E-02   0.00000      0.265407E-04   0.00000    
 -0.100000      0.269516E-02   0.00000      0.268499E-04   0.00000    
   0.00000      0.243028E-02   0.00000      0.271646E-04   0.00000    
  0.100000      0.220396E-02   0.00000      0.274848E-04   0.00000    
  0.200000      0.200903E-02   0.00000      0.278107E-04   0.00000    
  0.300000      0.183987E-02   0.00000      0.281425E-04   0.00000    
  0.400000      0.169210E-02   0.00000      0.284802E-04   0.00000    
  0.500000      0.156222E-02   0.00000      0.288240E-04   0.00000    
  0.600000      0.144742E-02   0.00000      0.291741E-04   0.00000    
  0.700000      0.134542E-02   0.00000      0.295306E-04   0.00000    
  0.800000      0.125437E-02   0.00000      0.298937E-04   0.00000    
  0.900000      0.117273E-02   0.00000      0.302636E-04   0.00000    
   1.00000      0.109923E-02   0.00000      0.306403E-04   0.00000    
   1.10000      0.103280E-02   0.00000      0.310241E-04   0.00000    
   1.20000      0.972547E-03   0.00000      0.314152E-04   0.00000    
   1.30000      0.917718E-03   0.00000      0.318137E-04   0.00000    
   1.40000      0.867670E-03   0.00000      0.322199E-04   0.00000    
   1.50000      0.821850E-03   0.00000      0.326338E-04   0.00000    
   1.60000      0.779784E-03   0.00000      0.330558E-04   0.00000    
   1.70000      0.741067E-03   0.00000      0.334861E-04   0.00000    
   1.80000      0.705342E-03   0.00000      0.339248E-04   0.00000    
   1.90000      0.672305E-03   0.00000      0.343721E-04   0.00000    
   2.00000      0.641684E-03   0.00000      0.348284E-04   0.00000    
   2.10000      0.613244E-03   0.00000      0.352939E-04   0.00000    
   2.20000      0.586779E-03   0.00000      0.357687E-04   0.00000    
   2.30000      0.562104E-03   0.00000      0.362532E-04   0.00000    
   2.40000      0.539058E-03   0.00000      0.367475E-04   0.00000    
   2.50000      0.517497E-03   0.00000      0.372521E-04   0.00000    
   2.60000      0.497291E-03   0.00000      0.377671E-04   0.00000    
   2.70000      0.478328E-03   0.00000      0.382929E-04   0.00000    
   2.80000      0.460503E-03   0.00000      0.388297E-04   0.00000    
   2.90000      0.443726E-03   0.00000      0.393779E-04   0.00000    
   3.00000      0.427913E-03   0.00000      0.399378E-04   0.00000    
   3.10000      0.412989E-03   0.00000      0.405097E-04   0.00000    
   3.20000      0.398887E-03   0.00000      0.410940E-04   0.00000    
   3.30000      0.385546E-03   0.00000      0.416911E-04   0.00000    
   3.40000      0.372911E-03   0.00000      0.423012E-04   0.00000    
   3.50000      0.360931E-03   0.00000      0.429248E-04   0.00000    
   3.60000      0.349560E-03   0.00000      0.435623E-04   0.00000    
   3.70000      0.338756E-03   0.00000      0.442141E-04   0.00000    
   3.80000      0.328480E-03   0.00000      0.448807E-04   0.00000    
   3.90000      0.318699E-03   0.00000      0.455624E-04   0.00000    
   4.00000      0.309379E-03   0.00000      0.462599E-04   0.00000    
   4.10000      0.300490E-03   0.00000      0.469734E-04   0.00000    
   4.20000      0.292007E-03   0.00000      0.477036E-04   0.00000    
   4.30000      0.283903E-03   0.00000      0.484509E-04   0.00000    
   4.40000      0.276156E-03   0.00000      0.492159E-04   0.00000    
   4.50000      0.268744E-03   0.00000      0.499992E-04   0.00000    
   4.60000      0.261647E-03   0.00000      0.508014E-04   0.00000    
   4.70000      0.254848E-03   0.00000      0.516230E-04   0.00000    
   4.80000      0.248329E-03   0.00000      0.524647E-04   0.00000    
   4.90000      0.242075E-03   0.00000      0.533271E-04   0.00000    
   5.00000      0.236070E-03   0.00000      0.542111E-04   0.00000    
   5.10000      0.230302E-03   0.00000      0.551171E-04   0.00000    
   5.20000      0.224757E-03   0.00000      0.560460E-04   0.00000    
   5.30000      0.219424E-03   0.00000      0.569987E-04   0.00000    
   5.40000      0.214292E-03   0.00000      0.579758E-04   0.00000    
   5.50000      0.209351E-03   0.00000      0.589783E-04   0.00000    
   5.60000      0.204589E-03   0.00000      0.600070E-04   0.00000    
   5.70000      0.200000E-03   0.00000      0.610629E-04   0.00000    
   5.80000      0.195574E-03   0.00000      0.621469E-04   0.00000    
   5.90000      0.191303E-03   0.00000      0.632600E-04   0.00000    
   6.00000      0.187180E-03   0.00000      0.644033E-04   0.00000    
   6.10000      0.183198E-03   0.00000      0.655778E-04   0.00000    
   6.20000      0.179351E-03   0.00000      0.667847E-04   0.00000    
   6.30000      0.175631E-03   0.00000      0.680254E-04   0.00000    
   6.40000      0.172033E-03   0.00000      0.693008E-04   0.00000    
   6.50000      0.168553E-03   0.00000      0.706126E-04   0.00000    
   6.60000      0.165184E-03   0.00000      0.719619E-04   0.00000    
   6.70000      0.161921E-03   0.00000      0.733502E-04   0.00000    
   6.80000      0.158761E-03   0.00000      0.747791E-04   0.00000    
   6.90000      0.155698E-03   0.00000      0.762502E-04   0.00000    
   7.00000      0.152729E-03   0.00000      0.777651E-04   0.00000    
   7.10000      0.149849E-03   0.00000      0.793256E-04   0.00000    
   7.20000      0.147056E-03   0.00000      0.809336E-04   0.00000    
   7.30000      0.144344E-03   0.00000      0.825909E-04   0.00000    
   7.40000      0.141712E-03   0.00000      0.842997E-04   0.00000    
   7.50000      0.139156E-03   0.00000      0.860621E-04   0.00000    
   7.60000      0.136673E-03   0.00000      0.878803E-04   0.00000    
   7.70000      0.134259E-03   0.00000      0.897567E-04   0.00000    
   7.80000      0.131913E-03   0.00000      0.916939E-04   0.00000    
   7.90000      0.129632E-03   0.00000      0.936945E-04   0.00000    
   8.00000      0.127413E-03   0.00000      0.957613E-04   0.00000    
   8.10000      0.125254E-03   0.00000      0.978972E-04   0.00000    
   8.20000      0.123153E-03   0.00000      0.100105E-03   0.00000    
   8.30000      0.121108E-03   0.00000      0.102389E-03   0.00000    
   8.40000      0.119116E-03   0.00000      0.104752E-03   0.00000    
   8.50000      0.117176E-03   0.00000      0.107198E-03   0.00000    
   8.60000      0.115286E-03   0.00000      0.109730E-03   0.00000    
   8.70000      0.113444E-03   0.00000      0.112353E-03   0.00000    
   8.80000      0.111648E-03   0.00000      0.115071E-03   0.00000    
   8.90000      0.109897E-03   0.00000      0.117889E-03   0.00000    
   9.00000      0.108189E-03   0.00000      0.120812E-03   0.00000    
   9.10000      0.106523E-03   0.00000      0.123844E-03   0.00000    
   9.20000      0.104898E-03   0.00000      0.126993E-03   0.00000    
   9.30000      0.103312E-03   0.00000      0.130263E-03   0.00000    
   9.40000      0.101763E-03   0.00000      0.133661E-03   0.00000    
   9.50000      0.100251E-03   0.00000      0.137194E-03   0.00000    
   9.60000      0.987744E-04   0.00000      0.140868E-03   0.00000    
   9.70000      0.973320E-04   0.00000      0.144693E-03   0.00000    
   9.80000      0.959227E-04   0.00000      0.148675E-03   0.00000    
   9.90000      0.945456E-04   0.00000      0.152824E-03   0.00000    
   10.0000      0.931995E-04   0.00000      0.157149E-03   0.00000    
   10.1000      0.918836E-04   0.00000      0.161660E-03   0.00000    
   10.2000      0.905967E-04   0.00000      0.166368E-03   0.00000    
   10.3000      0.893383E-04   0.00000      0.171285E-03   0.00000    
   10.4000      0.881074E-04   0.00000      0.176423E-03   0.00000    
   10.5000      0.869031E-04   0.00000      0.181796E-03   0.00000    
   10.6000      0.857246E-04   0.00000      0.187418E-03   0.00000    
   10.7000      0.845711E-04   0.00000      0.193305E-03   0.00000    
   10.8000      0.834421E-04   0.00000      0.199473E-03   0.00000    
   10.9000      0.823368E-04   0.00000      0.205942E-03   0.00000    
   11.0000      0.812544E-04   0.00000      0.212731E-03   0.00000    
   11.1000      0.801944E-04   0.00000      0.219860E-03   0.00000    
   11.2000      0.791559E-04   0.00000      0.227354E-03   0.00000    
   11.3000      0.781386E-04   0.00000      0.235238E-03   0.00000    
   11.4000      0.771418E-04   0.00000      0.243540E-03   0.00000    
   11.5000      0.761649E-04   0.00000      0.252288E-03   0.00000    
   11.6000      0.752075E-04   0.00000      0.261517E-03   0.00000    
   11.7000      0.742687E-04   0.00000      0.271261E-03   0.00000    
   11.8000      0.733485E-04   0.00000      0.281560E-03   0.00000    
   11.9000      0.724460E-04   0.00000      0.292457E-03   0.00000    
   12.0000      0.715610E-04   0.00000      0.303999E-03   0.00000    
   12.1000      0.706928E-04   0.00000      0.316237E-03   0.00000    
   12.2000      0.698411E-04   0.00000      0.329230E-03   0.00000    
   12.3000      0.690055E-04   0.00000      0.343040E-03   0.00000    
   12.4000      0.681856E-04   0.00000      0.357738E-03   0.00000    
   12.5000      0.673809E-04   0.00000      0.373401E-03   0.00000    
   12.6000      0.665910E-04   0.00000      0.390115E-03   0.00000    
   12.7000      0.658155E-04   0.00000      0.407976E-03   0.00000    
   12.8000      0.650542E-04   0.00000      0.427093E-03   0.00000    
   12.9000      0.643067E-04   0.00000      0.447585E-03   0.00000    
   13.0000      0.635725E-04   0.00000      0.469589E-03   0.00000    
   13.1000      0.628515E-04   0.00000      0.493255E-03   0.00000    
   13.2000      0.621432E-04   0.00000      0.518756E-03   0.00000    
   13.3000      0.614474E-04   0.00000      0.546287E-03   0.00000    
   13.4000      0.607637E-04   0.00000      0.576067E-03   0.00000    
   13.5000      0.600919E-04   0.00000      0.608352E-03   0.00000    
   13.6000      0.594318E-04   0.00000      0.643426E-03   0.00000    
   13.7000      0.587828E-04   0.00000      0.681623E-03   0.00000    
   13.8000      0.581450E-04   0.00000      0.723325E-03   0.00000    
   13.9000      0.575179E-04   0.00000      0.768972E-03   0.00000    
   14.0000      0.569014E-04   0.00000      0.819080E-03   0.00000    
   14.1000      0.562952E-04   0.00000      0.874247E-03   0.00000    
   14.2000      0.556990E-04   0.00000      0.935178E-03   0.00000    
   14.3000      0.551127E-04   0.00000      0.100271E-02   0.00000    
   14.4000      0.545360E-04   0.00000      0.107782E-02   0.00000    
   14.5000      0.539687E-04   0.00000      0.116170E-02   0.00000    
   14.6000      0.534106E-04   0.00000      0.125575E-02   0.00000    
   14.7000      0.528615E-04   0.00000      0.136170E-02   0.00000    
   14.8000      0.523211E-04   0.00000      0.148164E-02   0.00000    
   14.9000      0.517894E-04   0.00000      0.161814E-02   0.00000    
   15.0000      0.512660E-04   0.00000      0.177440E-02   0.00000    
   15.1000      0.507509E-04   0.00000      0.195441E-02   0.00000    
   15.2000      0.502438E-04   0.00000      0.216325E-02   0.00000    
   15.3000      0.497446E-04   0.00000      0.240740E-02   0.00000    
   15.4000      0.492531E-04   0.00000      0.269529E-02   0.00000    
   15.5000      0.487692E-04   0.00000      0.303802E-02   0.00000    
   15.6000      0.482927E-04   0.00000      0.345041E-02   0.00000    
   15.7000      0.478233E-04   0.00000      0.395268E-02   0.00000    
   15.8000      0.473611E-04   0.00000      0.457296E-02   0.00000    
   15.9000      0.469058E-04   0.00000      0.535117E-02   0.00000    
   16.0000      0.464573E-04   0.00000      0.634575E-02   0.00000    
   16.1000      0.460155E-04   0.00000      0.764464E-02   0.00000    
   16.2000      0.455801E-04   0.00000      0.938537E-02   0.00000    
   16.3000      0.451512E-04   0.00000      0.117925E-01   0.00000    
   16.4000      0.447286E-04   0.00000      0.152523E-01   0.00000    
   16.5000      0.443121E-04   0.00000      0.204744E-01   0.00000    
   16.6000      0.439015E-04   0.00000      0.288746E-01   0.00000    
   16.7000      0.434969E-04   0.00000      0.435979E-01   0.00000    
   16.8000      0.430981E-04   0.00000      0.727053E-01   0.00000    
   16.9000      0.427049E-04   0.00000      0.141143       0.00000    
   17.0000      0.423173E-04   0.00000      0.341420       0.00000    
   17.1000      0.419352E-04   0.00000      0.777430       0.00000    
   17.2000      0.415584E-04   0.00000      0.463643       0.00000    
   17.3000      0.411868E-04   0.00000      0.180481       0.00000    
   17.4000      0.408204E-04   0.00000      0.874295E-01   0.00000    
   17.5000      0.404591E-04   0.00000      0.503819E-01   0.00000    
   17.6000      0.401027E-04   0.00000      0.324972E-01   0.00000    
   17.7000      0.397511E-04   0.00000      0.226200E-01   0.00000    
   17.8000      0.394043E-04   0.00000      0.166226E-01   0.00000    
   17.9000      0.390623E-04   0.00000      0.127190E-01   0.00000    
   18.0000      0.387248E-04   0.00000      0.100402E-01   0.00000    
   18.1000      0.383918E-04   0.00000      0.812418E-02   0.00000    
   18.2000      0.380632E-04   0.00000      0.670725E-02   0.00000    
   18.3000      0.377390E-04   0.00000      0.563033E-02   0.00000    
   18.4000      0.374191E-04   0.00000      0.479297E-02   0.00000    
   18.5000      0.371033E-04   0.00000      0.412911E-02   0.00000    
   18.6000      0.367917E-04   0.00000      0.359404E-02   0.00000    
   18.7000      0.364841E-04   0.00000      0.315649E-02   0.00000    
   18.8000      0.361805E-04   0.00000      0.279414E-02   0.00000    
   18.9000      0.358808E-04   0.00000      0.249074E-02   0.00000    
   19.0000      0.355850E-04   0.00000      0.223415E-02   0.00000    
   19.1000      0.352929E-04   0.00000      0.201523E-02   0.00000    
   19.2000      0.350045E-04   0.00000      0.182697E-02   0.00000    
   19.3000      0.347197E-04   0.00000      0.166388E-02   0.00000    
   19.4000      0.344386E-04   0.00000      0.152168E-02   0.00000    
   19.5000      0.341609E-04   0.00000      0.139695E-02   0.00000    
   19.6000      0.338867E-04   0.00000      0.128695E-02   0.00000    
   19.7000      0.336159E-04   0.00000      0.118944E-02   0.00000    
   19.8000      0.333484E-04   0.00000      0.110259E-02   0.00000    
   19.9000      0.330843E-04   0.00000      0.102493E-02   0.00000    
   20.0000      0.328233E-04   0.00000      0.955179E-03   0.00000    
