  -20.0000      0.151665E-03   0.00000      0.408949E-04   0.00000    
  -19.9000      0.156577E-03   0.00000      0.408378E-04   0.00000    
  -19.8000      0.161745E-03   0.00000      0.407855E-04   0.00000    
  -19.7000      0.167187E-03   0.00000      0.407378E-04   0.00000    
  -19.6000      0.172923E-03   0.00000      0.406948E-04   0.00000    
  -19.5000      0.178976E-03   0.00000      0.406565E-04   0.00000    
  -19.4000      0.185369E-03   0.00000      0.406227E-04   0.00000    
  -19.3000      0.192130E-03   0.00000      0.405935E-04   0.00000    
  -19.2000      0.199288E-03   0.00000      0.405689E-04   0.00000    
  -19.1000      0.206876E-03   0.00000      0.405488E-04   0.00000    
  -19.0000      0.214930E-03   0.00000      0.405331E-04   0.00000    
  -18.9000      0.223489E-03   0.00000      0.405220E-04   0.00000    
  -18.8000      0.232599E-03   0.00000      0.405152E-04   0.00000    
  -18.7000      0.242309E-03   0.00000      0.405130E-04   0.00000    
  -18.6000      0.252674E-03   0.00000      0.405151E-04   0.00000    
  -18.5000      0.263757E-03   0.00000      0.405216E-04   0.00000    
  -18.4000      0.275628E-03   0.00000      0.405325E-04   0.00000    
  -18.3000      0.288373E-03   0.00000      0.405477E-04   0.00000    
  -18.2000      0.302087E-03   0.00000      0.405674E-04   0.00000    
  -18.1000      0.316801E-03   0.00000      0.405914E-04   0.00000    
  -18.0000      0.332680E-03   0.00000      0.406197E-04   0.00000    
  -17.9000      0.349868E-03   0.00000      0.406524E-04   0.00000    
  -17.8000      0.368501E-03   0.00000      0.406894E-04   0.00000    
  -17.7000      0.388746E-03   0.00000      0.407307E-04   0.00000    
  -17.6000      0.410799E-03   0.00000      0.407764E-04   0.00000    
  -17.5000      0.434884E-03   0.00000      0.408264E-04   0.00000    
  -17.4000      0.461265E-03   0.00000      0.408808E-04   0.00000    
  -17.3000      0.490248E-03   0.00000      0.409395E-04   0.00000    
  -17.2000      0.522193E-03   0.00000      0.410025E-04   0.00000    
  -17.1000      0.557527E-03   0.00000      0.410699E-04   0.00000    
  -17.0000      0.596754E-03   0.00000      0.411417E-04   0.00000    
  -16.9000      0.640477E-03   0.00000      0.412178E-04   0.00000    
  -16.8000      0.689422E-03   0.00000      0.412983E-04   0.00000    
  -16.7000      0.744469E-03   0.00000      0.413833E-04   0.00000    
  -16.6000      0.806688E-03   0.00000      0.414726E-04   0.00000    
  -16.5000      0.877400E-03   0.00000      0.415664E-04   0.00000    
  -16.4000      0.958244E-03   0.00000      0.416646E-04   0.00000    
  -16.3000      0.105127E-02   0.00000      0.417672E-04   0.00000    
  -16.2000      0.115910E-02   0.00000      0.418744E-04   0.00000    
  -16.1000      0.128505E-02   0.00000      0.419861E-04   0.00000    
  -16.0000      0.143349E-02   0.00000      0.421023E-04   0.00000    
  -15.9000      0.161012E-02   0.00000      0.422231E-04   0.00000    
  -15.8000      0.182264E-02   0.00000      0.423485E-04   0.00000    
  -15.7000      0.208151E-02   0.00000      0.424785E-04   0.00000    
  -15.6000      0.240132E-02   0.00000      0.426132E-04   0.00000    
  -15.5000      0.280290E-02   0.00000      0.427525E-04   0.00000    
  -15.4000      0.331676E-02   0.00000      0.428966E-04   0.00000    
  -15.3000      0.398902E-02   0.00000      0.430454E-04   0.00000    
  -15.2000      0.489213E-02   0.00000      0.431991E-04   0.00000    
  -15.1000      0.614497E-02   0.00000      0.433576E-04   0.00000    
  -15.0000      0.795340E-02   0.00000      0.435209E-04   0.00000    
  -14.9000      0.106988E-01   0.00000      0.436892E-04   0.00000    
  -14.8000      0.151500E-01   0.00000      0.438625E-04   0.00000    
  -14.7000      0.230386E-01   0.00000      0.440408E-04   0.00000    
  -14.6000      0.388856E-01   0.00000      0.442241E-04   0.00000    
  -14.5000      0.770152E-01   0.00000      0.444126E-04   0.00000    
  -14.4000      0.190702       0.00000      0.446063E-04   0.00000    
  -14.3000      0.397260       0.00000      0.448052E-04   0.00000    
  -14.2000      0.207766       0.00000      0.450093E-04   0.00000    
  -14.1000      0.824909E-01   0.00000      0.452189E-04   0.00000    
  -14.0000      0.409560E-01   0.00000      0.454339E-04   0.00000    
  -13.9000      0.240139E-01   0.00000      0.456543E-04   0.00000    
  -13.8000      0.156933E-01   0.00000      0.458803E-04   0.00000    
  -13.7000      0.110446E-01   0.00000      0.461119E-04   0.00000    
  -13.6000      0.819942E-02   0.00000      0.463492E-04   0.00000    
  -13.5000      0.633753E-02   0.00000      0.465923E-04   0.00000    
  -13.4000      0.505546E-02   0.00000      0.468412E-04   0.00000    
  -13.3000      0.413679E-02   0.00000      0.470961E-04   0.00000    
  -13.2000      0.345726E-02   0.00000      0.473569E-04   0.00000    
  -13.1000      0.294146E-02   0.00000      0.476239E-04   0.00000    
  -13.0000      0.254155E-02   0.00000      0.478970E-04   0.00000    
  -12.9000      0.222601E-02   0.00000      0.481764E-04   0.00000    
  -12.8000      0.197340E-02   0.00000      0.484622E-04   0.00000    
  -12.7000      0.176876E-02   0.00000      0.487544E-04   0.00000    
  -12.6000      0.160137E-02   0.00000      0.490532E-04   0.00000    
  -12.5000      0.146344E-02   0.00000      0.493587E-04   0.00000    
  -12.4000      0.134916E-02   0.00000      0.496709E-04   0.00000    
  -12.3000      0.125421E-02   0.00000      0.499900E-04   0.00000    
  -12.2000      0.117522E-02   0.00000      0.503161E-04   0.00000    
  -12.1000      0.110966E-02   0.00000      0.506493E-04   0.00000    
  -12.0000      0.105558E-02   0.00000      0.509898E-04   0.00000    
  -11.9000      0.101145E-02   0.00000      0.513376E-04   0.00000    
  -11.8000      0.976081E-03   0.00000      0.516929E-04   0.00000    
  -11.7000      0.948577E-03   0.00000      0.520559E-04   0.00000    
  -11.6000      0.928262E-03   0.00000      0.524266E-04   0.00000    
  -11.5000      0.914653E-03   0.00000      0.528052E-04   0.00000    
  -11.4000      0.907434E-03   0.00000      0.531918E-04   0.00000    
  -11.3000      0.906437E-03   0.00000      0.535866E-04   0.00000    
  -11.2000      0.911642E-03   0.00000      0.539898E-04   0.00000    
  -11.1000      0.923166E-03   0.00000      0.544014E-04   0.00000    
  -11.0000      0.941276E-03   0.00000      0.548218E-04   0.00000    
  -10.9000      0.966401E-03   0.00000      0.552510E-04   0.00000    
  -10.8000      0.999149E-03   0.00000      0.556891E-04   0.00000    
  -10.7000      0.104034E-02   0.00000      0.561365E-04   0.00000    
  -10.6000      0.109107E-02   0.00000      0.565933E-04   0.00000    
  -10.5000      0.115273E-02   0.00000      0.570596E-04   0.00000    
  -10.4000      0.122714E-02   0.00000      0.575357E-04   0.00000    
  -10.3000      0.131664E-02   0.00000      0.580217E-04   0.00000    
  -10.2000      0.142428E-02   0.00000      0.585180E-04   0.00000    
  -10.1000      0.155404E-02   0.00000      0.590246E-04   0.00000    
  -10.0000      0.171121E-02   0.00000      0.595419E-04   0.00000    
  -9.90000      0.190285E-02   0.00000      0.600700E-04   0.00000    
  -9.80000      0.213862E-02   0.00000      0.606092E-04   0.00000    
  -9.70000      0.243192E-02   0.00000      0.611597E-04   0.00000    
  -9.60000      0.280180E-02   0.00000      0.617218E-04   0.00000    
  -9.50000      0.327600E-02   0.00000      0.622958E-04   0.00000    
  -9.40000      0.389620E-02   0.00000      0.628818E-04   0.00000    
  -9.30000      0.472724E-02   0.00000      0.634803E-04   0.00000    
  -9.20000      0.587431E-02   0.00000      0.640915E-04   0.00000    
  -9.10000      0.751726E-02   0.00000      0.647156E-04   0.00000    
  -9.00000      0.998338E-02   0.00000      0.653531E-04   0.00000    
  -8.90000      0.139184E-01   0.00000      0.660041E-04   0.00000    
  -8.80000      0.207349E-01   0.00000      0.666691E-04   0.00000    
  -8.70000      0.339800E-01   0.00000      0.673484E-04   0.00000    
  -8.60000      0.643514E-01   0.00000      0.680423E-04   0.00000    
  -8.50000      0.151039       0.00000      0.687512E-04   0.00000    
  -8.40000      0.369221       0.00000      0.694754E-04   0.00000    
  -8.30000      0.261944       0.00000      0.702154E-04   0.00000    
  -8.20000      0.100551       0.00000      0.709716E-04   0.00000    
  -8.10000      0.474539E-01   0.00000      0.717444E-04   0.00000    
  -8.00000      0.269035E-01   0.00000      0.725341E-04   0.00000    
  -7.90000      0.171837E-01   0.00000      0.733414E-04   0.00000    
  -7.80000      0.118910E-01   0.00000      0.741665E-04   0.00000    
  -7.70000      0.870921E-02   0.00000      0.750100E-04   0.00000    
  -7.60000      0.665316E-02   0.00000      0.758725E-04   0.00000    
  -7.50000      0.524984E-02   0.00000      0.767543E-04   0.00000    
  -7.40000      0.425016E-02   0.00000      0.776560E-04   0.00000    
  -7.30000      0.351315E-02   0.00000      0.785783E-04   0.00000    
  -7.20000      0.295431E-02   0.00000      0.795216E-04   0.00000    
  -7.10000      0.252050E-02   0.00000      0.804865E-04   0.00000    
  -7.00000      0.217700E-02   0.00000      0.814738E-04   0.00000    
  -6.90000      0.190035E-02   0.00000      0.824839E-04   0.00000    
  -6.80000      0.167421E-02   0.00000      0.835176E-04   0.00000    
  -6.70000      0.148697E-02   0.00000      0.845756E-04   0.00000    
  -6.60000      0.133016E-02   0.00000      0.856585E-04   0.00000    
  -6.50000      0.119750E-02   0.00000      0.867672E-04   0.00000    
  -6.40000      0.108424E-02   0.00000      0.879023E-04   0.00000    
  -6.30000      0.986763E-03   0.00000      0.890648E-04   0.00000    
  -6.20000      0.902242E-03   0.00000      0.902554E-04   0.00000    
  -6.10000      0.828463E-03   0.00000      0.914750E-04   0.00000    
  -6.00000      0.763666E-03   0.00000      0.927245E-04   0.00000    
  -5.90000      0.706438E-03   0.00000      0.940048E-04   0.00000    
  -5.80000      0.655632E-03   0.00000      0.953170E-04   0.00000    
  -5.70000      0.610312E-03   0.00000      0.966620E-04   0.00000    
  -5.60000      0.569708E-03   0.00000      0.980409E-04   0.00000    
  -5.50000      0.533180E-03   0.00000      0.994548E-04   0.00000    
  -5.40000      0.500194E-03   0.00000      0.100905E-03   0.00000    
  -5.30000      0.470298E-03   0.00000      0.102392E-03   0.00000    
  -5.20000      0.443115E-03   0.00000      0.103919E-03   0.00000    
  -5.10000      0.418321E-03   0.00000      0.105485E-03   0.00000    
  -5.00000      0.395639E-03   0.00000      0.107092E-03   0.00000    
  -4.90000      0.374833E-03   0.00000      0.108742E-03   0.00000    
  -4.80000      0.355698E-03   0.00000      0.110437E-03   0.00000    
  -4.70000      0.338057E-03   0.00000      0.112177E-03   0.00000    
  -4.60000      0.321755E-03   0.00000      0.113965E-03   0.00000    
  -4.50000      0.306658E-03   0.00000      0.115801E-03   0.00000    
  -4.40000      0.292648E-03   0.00000      0.117689E-03   0.00000    
  -4.30000      0.279621E-03   0.00000      0.119630E-03   0.00000    
  -4.20000      0.267484E-03   0.00000      0.121625E-03   0.00000    
  -4.10000      0.256158E-03   0.00000      0.123678E-03   0.00000    
  -4.00000      0.245571E-03   0.00000      0.125789E-03   0.00000    
  -3.90000      0.235657E-03   0.00000      0.127962E-03   0.00000    
  -3.80000      0.226360E-03   0.00000      0.130198E-03   0.00000    
  -3.70000      0.217628E-03   0.00000      0.132500E-03   0.00000    
  -3.60000      0.209416E-03   0.00000      0.134872E-03   0.00000    
  -3.50000      0.201683E-03   0.00000      0.137315E-03   0.00000    
  -3.40000      0.194390E-03   0.00000      0.139832E-03   0.00000    
  -3.30000      0.187505E-03   0.00000      0.142427E-03   0.00000    
  -3.20000      0.180996E-03   0.00000      0.145103E-03   0.00000    
  -3.10000      0.174837E-03   0.00000      0.147863E-03   0.00000    
  -3.00000      0.169001E-03   0.00000      0.150710E-03   0.00000    
  -2.90000      0.163467E-03   0.00000      0.153650E-03   0.00000    
  -2.80000      0.158213E-03   0.00000      0.156684E-03   0.00000    
  -2.70000      0.153220E-03   0.00000      0.159819E-03   0.00000    
  -2.60000      0.148471E-03   0.00000      0.163058E-03   0.00000    
  -2.50000      0.143949E-03   0.00000      0.166406E-03   0.00000    
  -2.40000      0.139641E-03   0.00000      0.169867E-03   0.00000    
  -2.30000      0.135532E-03   0.00000      0.173448E-03   0.00000    
  -2.20000      0.131610E-03   0.00000      0.177154E-03   0.00000    
  -2.10000      0.127864E-03   0.00000      0.180991E-03   0.00000    
  -2.00000      0.124282E-03   0.00000      0.184965E-03   0.00000    
  -1.90000      0.120856E-03   0.00000      0.189082E-03   0.00000    
  -1.80000      0.117576E-03   0.00000      0.193351E-03   0.00000    
  -1.70000      0.114434E-03   0.00000      0.197779E-03   0.00000    
  -1.60000      0.111422E-03   0.00000      0.202373E-03   0.00000    
  -1.50000      0.108532E-03   0.00000      0.207142E-03   0.00000    
  -1.40000      0.105758E-03   0.00000      0.212097E-03   0.00000    
  -1.30000      0.103094E-03   0.00000      0.217245E-03   0.00000    
  -1.20000      0.100533E-03   0.00000      0.222599E-03   0.00000    
  -1.10000      0.980714E-04   0.00000      0.228169E-03   0.00000    
  -1.00000      0.957024E-04   0.00000      0.233968E-03   0.00000    
 -0.900000      0.934220E-04   0.00000      0.240008E-03   0.00000    
 -0.800000      0.912255E-04   0.00000      0.246303E-03   0.00000    
 -0.700000      0.891088E-04   0.00000      0.252869E-03   0.00000    
 -0.600000      0.870679E-04   0.00000      0.259721E-03   0.00000    
 -0.500000      0.850993E-04   0.00000      0.266877E-03   0.00000    
 -0.400000      0.831994E-04   0.00000      0.274356E-03   0.00000    
 -0.300000      0.813649E-04   0.00000      0.282178E-03   0.00000    
 -0.200000      0.795930E-04   0.00000      0.290365E-03   0.00000    
 -0.100000      0.778805E-04   0.00000      0.298941E-03   0.00000    
   0.00000      0.762249E-04   0.00000      0.307931E-03   0.00000    
  0.100000      0.746237E-04   0.00000      0.317363E-03   0.00000    
  0.200000      0.730743E-04   0.00000      0.327269E-03   0.00000    
  0.300000      0.715745E-04   0.00000      0.337681E-03   0.00000    
  0.400000      0.701222E-04   0.00000      0.348637E-03   0.00000    
  0.500000      0.687153E-04   0.00000      0.360174E-03   0.00000    
  0.600000      0.673519E-04   0.00000      0.372338E-03   0.00000    
  0.700000      0.660302E-04   0.00000      0.385176E-03   0.00000    
  0.800000      0.647484E-04   0.00000      0.398741E-03   0.00000    
  0.900000      0.635050E-04   0.00000      0.413091E-03   0.00000    
   1.00000      0.622983E-04   0.00000      0.428290E-03   0.00000    
   1.10000      0.611269E-04   0.00000      0.444410E-03   0.00000    
   1.20000      0.599895E-04   0.00000      0.461529E-03   0.00000    
   1.30000      0.588846E-04   0.00000      0.479737E-03   0.00000    
   1.40000      0.578110E-04   0.00000      0.499129E-03   0.00000    
   1.50000      0.567675E-04   0.00000      0.519818E-03   0.00000    
   1.60000      0.557530E-04   0.00000      0.541926E-03   0.00000    
   1.70000      0.547663E-04   0.00000      0.565592E-03   0.00000    
   1.80000      0.538065E-04   0.00000      0.590974E-03   0.00000    
   1.90000      0.528726E-04   0.00000      0.618250E-03   0.00000    
   2.00000      0.519635E-04   0.00000      0.647621E-03   0.00000    
   2.10000      0.510785E-04   0.00000      0.679320E-03   0.00000    
   2.20000      0.502166E-04   0.00000      0.713613E-03   0.00000    
   2.30000      0.493771E-04   0.00000      0.750804E-03   0.00000    
   2.40000      0.485591E-04   0.00000      0.791248E-03   0.00000    
   2.50000      0.477619E-04   0.00000      0.835356E-03   0.00000    
   2.60000      0.469847E-04   0.00000      0.883610E-03   0.00000    
   2.70000      0.462270E-04   0.00000      0.936575E-03   0.00000    
   2.80000      0.454880E-04   0.00000      0.994920E-03   0.00000    
   2.90000      0.447672E-04   0.00000      0.105944E-02   0.00000    
   3.00000      0.440638E-04   0.00000      0.113110E-02   0.00000    
   3.10000      0.433774E-04   0.00000      0.121104E-02   0.00000    
   3.20000      0.427074E-04   0.00000      0.130067E-02   0.00000    
   3.30000      0.420532E-04   0.00000      0.140172E-02   0.00000    
   3.40000      0.414144E-04   0.00000      0.151635E-02   0.00000    
   3.50000      0.407905E-04   0.00000      0.164722E-02   0.00000    
   3.60000      0.401809E-04   0.00000      0.179778E-02   0.00000    
   3.70000      0.395853E-04   0.00000      0.197240E-02   0.00000    
   3.80000      0.390032E-04   0.00000      0.217683E-02   0.00000    
   3.90000      0.384342E-04   0.00000      0.241868E-02   0.00000    
   4.00000      0.378780E-04   0.00000      0.270821E-02   0.00000    
   4.10000      0.373340E-04   0.00000      0.305960E-02   0.00000    
   4.20000      0.368020E-04   0.00000      0.349283E-02   0.00000    
   4.30000      0.362816E-04   0.00000      0.403685E-02   0.00000    
   4.40000      0.357724E-04   0.00000      0.473497E-02   0.00000    
   4.50000      0.352741E-04   0.00000      0.565431E-02   0.00000    
   4.60000      0.347865E-04   0.00000      0.690365E-02   0.00000    
   4.70000      0.343092E-04   0.00000      0.866856E-02   0.00000    
   4.80000      0.338418E-04   0.00000      0.112870E-01   0.00000    
   4.90000      0.333842E-04   0.00000      0.154264E-01   0.00000    
   5.00000      0.329361E-04   0.00000      0.225521E-01   0.00000    
   5.10000      0.324971E-04   0.00000      0.363642E-01   0.00000    
   5.20000      0.320671E-04   0.00000      0.681079E-01   0.00000    
   5.30000      0.316457E-04   0.00000      0.159162       0.00000    
   5.40000      0.312328E-04   0.00000      0.378863       0.00000    
   5.50000      0.308281E-04   0.00000      0.254528       0.00000    
   5.60000      0.304315E-04   0.00000      0.100058       0.00000    
   5.70000      0.300426E-04   0.00000      0.496959E-01   0.00000    
   5.80000      0.296613E-04   0.00000      0.304523E-01   0.00000    
   5.90000      0.292874E-04   0.00000      0.218028E-01   0.00000    
   6.00000      0.289206E-04   0.00000      0.177159E-01   0.00000    
   6.10000      0.285609E-04   0.00000      0.161102E-01   0.00000    
   6.20000      0.282080E-04   0.00000      0.162960E-01   0.00000    
   6.30000      0.278617E-04   0.00000      0.183180E-01   0.00000    
   6.40000      0.275219E-04   0.00000      0.229924E-01   0.00000    
   6.50000      0.271885E-04   0.00000      0.327015E-01   0.00000    
   6.60000      0.268611E-04   0.00000      0.544439E-01   0.00000    
   6.70000      0.265398E-04   0.00000      0.112609       0.00000    
   6.80000      0.262244E-04   0.00000      0.288205       0.00000    
   6.90000      0.259146E-04   0.00000      0.354154       0.00000    
   7.00000      0.256104E-04   0.00000      0.142379       0.00000    
   7.10000      0.253117E-04   0.00000      0.642146E-01   0.00000    
   7.20000      0.250183E-04   0.00000      0.365214E-01   0.00000    
   7.30000      0.247300E-04   0.00000      0.245375E-01   0.00000    
   7.40000      0.244468E-04   0.00000      0.186983E-01   0.00000    
   7.50000      0.241685E-04   0.00000      0.158387E-01   0.00000    
   7.60000      0.238951E-04   0.00000      0.147857E-01   0.00000    
   7.70000      0.236263E-04   0.00000      0.151809E-01   0.00000    
   7.80000      0.233622E-04   0.00000      0.171862E-01   0.00000    
   7.90000      0.231025E-04   0.00000      0.216142E-01   0.00000    
   8.00000      0.228472E-04   0.00000      0.306795E-01   0.00000    
   8.10000      0.225963E-04   0.00000      0.507226E-01   0.00000    
   8.20000      0.223495E-04   0.00000      0.103418       0.00000    
   8.30000      0.221068E-04   0.00000      0.264490       0.00000    
   8.40000      0.218681E-04   0.00000      0.371502       0.00000    
   8.50000      0.216333E-04   0.00000      0.153105       0.00000    
   8.60000      0.214024E-04   0.00000      0.662377E-01   0.00000    
   8.70000      0.211752E-04   0.00000      0.357164E-01   0.00000    
   8.80000      0.209517E-04   0.00000      0.223455E-01   0.00000    
   8.90000      0.207317E-04   0.00000      0.154233E-01   0.00000    
   9.00000      0.205153E-04   0.00000      0.113996E-01   0.00000    
   9.10000      0.203023E-04   0.00000      0.885955E-02   0.00000    
   9.20000      0.200926E-04   0.00000      0.715551E-02   0.00000    
   9.30000      0.198863E-04   0.00000      0.595888E-02   0.00000    
   9.40000      0.196831E-04   0.00000      0.508877E-02   0.00000    
   9.50000      0.194831E-04   0.00000      0.443936E-02   0.00000    
   9.60000      0.192862E-04   0.00000      0.394541E-02   0.00000    
   9.70000      0.190923E-04   0.00000      0.356509E-02   0.00000    
   9.80000      0.189014E-04   0.00000      0.327078E-02   0.00000    
   9.90000      0.187134E-04   0.00000      0.304378E-02   0.00000    
   10.0000      0.185282E-04   0.00000      0.287136E-02   0.00000    
   10.1000      0.183457E-04   0.00000      0.274487E-02   0.00000    
   10.2000      0.181660E-04   0.00000      0.265864E-02   0.00000    
   10.3000      0.179890E-04   0.00000      0.260931E-02   0.00000    
   10.4000      0.178146E-04   0.00000      0.259548E-02   0.00000    
   10.5000      0.176428E-04   0.00000      0.261754E-02   0.00000    
   10.6000      0.174735E-04   0.00000      0.267776E-02   0.00000    
   10.7000      0.173066E-04   0.00000      0.278058E-02   0.00000    
   10.8000      0.171421E-04   0.00000      0.293308E-02   0.00000    
   10.9000      0.169801E-04   0.00000      0.314604E-02   0.00000    
   11.0000      0.168203E-04   0.00000      0.343549E-02   0.00000    
   11.1000      0.166628E-04   0.00000      0.382518E-02   0.00000    
   11.2000      0.165076E-04   0.00000      0.435108E-02   0.00000    
   11.3000      0.163545E-04   0.00000      0.506896E-02   0.00000    
   11.4000      0.162036E-04   0.00000      0.606866E-02   0.00000    
   11.5000      0.160548E-04   0.00000      0.750152E-02   0.00000    
   11.6000      0.159081E-04   0.00000      0.963781E-02   0.00000    
   11.7000      0.157634E-04   0.00000      0.129971E-01   0.00000    
   11.8000      0.156207E-04   0.00000      0.186777E-01   0.00000    
   11.9000      0.154800E-04   0.00000      0.293135E-01   0.00000    
   12.0000      0.153412E-04   0.00000      0.523785E-01   0.00000    
   12.1000      0.152042E-04   0.00000      0.113920       0.00000    
   12.2000      0.150691E-04   0.00000      0.297219       0.00000    
   12.3000      0.149359E-04   0.00000      0.339632       0.00000    
   12.4000      0.148044E-04   0.00000      0.132848       0.00000    
   12.5000      0.146747E-04   0.00000      0.586302E-01   0.00000    
   12.6000      0.145467E-04   0.00000      0.318270E-01   0.00000    
   12.7000      0.144203E-04   0.00000      0.198137E-01   0.00000    
   12.8000      0.142957E-04   0.00000      0.135081E-01   0.00000    
   12.9000      0.141726E-04   0.00000      0.981301E-02   0.00000    
   13.0000      0.140512E-04   0.00000      0.746856E-02   0.00000    
   13.1000      0.139314E-04   0.00000      0.588961E-02   0.00000    
   13.2000      0.138131E-04   0.00000      0.477577E-02   0.00000    
   13.3000      0.136963E-04   0.00000      0.396047E-02   0.00000    
   13.4000      0.135810E-04   0.00000      0.334542E-02   0.00000    
   13.5000      0.134672E-04   0.00000      0.286966E-02   0.00000    
   13.6000      0.133548E-04   0.00000      0.249379E-02   0.00000    
   13.7000      0.132438E-04   0.00000      0.219140E-02   0.00000    
   13.8000      0.131343E-04   0.00000      0.194430E-02   0.00000    
   13.9000      0.130261E-04   0.00000      0.173959E-02   0.00000    
   14.0000      0.129192E-04   0.00000      0.156795E-02   0.00000    
   14.1000      0.128137E-04   0.00000      0.142249E-02   0.00000    
   14.2000      0.127095E-04   0.00000      0.129802E-02   0.00000    
   14.3000      0.126065E-04   0.00000      0.119062E-02   0.00000    
   14.4000      0.125049E-04   0.00000      0.109720E-02   0.00000    
   14.5000      0.124044E-04   0.00000      0.101539E-02   0.00000    
   14.6000      0.123052E-04   0.00000      0.943271E-03   0.00000    
   14.7000      0.122072E-04   0.00000      0.879329E-03   0.00000    
   14.8000      0.121104E-04   0.00000      0.822331E-03   0.00000    
   14.9000      0.120147E-04   0.00000      0.771269E-03   0.00000    
   15.0000      0.119202E-04   0.00000      0.725317E-03   0.00000    
   15.1000      0.118267E-04   0.00000      0.683787E-03   0.00000    
   15.2000      0.117344E-04   0.00000      0.646106E-03   0.00000    
   15.3000      0.116432E-04   0.00000      0.611794E-03   0.00000    
   15.4000      0.115531E-04   0.00000      0.580441E-03   0.00000    
   15.5000      0.114640E-04   0.00000      0.551702E-03   0.00000    
   15.6000      0.113760E-04   0.00000      0.525280E-03   0.00000    
   15.7000      0.112889E-04   0.00000      0.500920E-03   0.00000    
   15.8000      0.112029E-04   0.00000      0.478404E-03   0.00000    
   15.9000      0.111179E-04   0.00000      0.457540E-03   0.00000    
   16.0000      0.110338E-04   0.00000      0.438165E-03   0.00000    
   16.1000      0.109507E-04   0.00000      0.420141E-03   0.00000    
   16.2000      0.108686E-04   0.00000      0.403312E-03   0.00000    
   16.3000      0.107874E-04   0.00000      0.387573E-03   0.00000    
   16.4000      0.107071E-04   0.00000      0.372844E-03   0.00000    
   16.5000      0.106277E-04   0.00000      0.359032E-03   0.00000    
   16.6000      0.105491E-04   0.00000      0.346055E-03   0.00000    
   16.7000      0.104715E-04   0.00000      0.333844E-03   0.00000    
   16.8000      0.103947E-04   0.00000      0.322336E-03   0.00000    
   16.9000      0.103188E-04   0.00000      0.311475E-03   0.00000    
   17.0000      0.102437E-04   0.00000      0.301211E-03   0.00000    
   17.1000      0.101695E-04   0.00000      0.291497E-03   0.00000    
   17.2000      0.100960E-04   0.00000      0.282293E-03   0.00000    
   17.3000      0.100234E-04   0.00000      0.273562E-03   0.00000    
   17.4000      0.995153E-05   0.00000      0.265270E-03   0.00000    
   17.5000      0.988046E-05   0.00000      0.257386E-03   0.00000    
   17.6000      0.981014E-05   0.00000      0.249883E-03   0.00000    
   17.7000      0.974059E-05   0.00000      0.242735E-03   0.00000    
   17.8000      0.967178E-05   0.00000      0.235918E-03   0.00000    
   17.9000      0.960370E-05   0.00000      0.229411E-03   0.00000    
   18.0000      0.953635E-05   0.00000      0.223195E-03   0.00000    
   18.1000      0.946971E-05   0.00000      0.217253E-03   0.00000    
   18.2000      0.940378E-05   0.00000      0.211566E-03   0.00000    
   18.3000      0.933853E-05   0.00000      0.206116E-03   0.00000    
   18.4000      0.927398E-05   0.00000      0.200894E-03   0.00000    
   18.5000      0.921009E-05   0.00000      0.195885E-03   0.00000    
   18.6000      0.914687E-05   0.00000      0.191078E-03   0.00000    
   18.7000      0.908430E-05   0.00000      0.186461E-03   0.00000    
   18.8000      0.902238E-05   0.00000      0.182023E-03   0.00000    
   18.9000      0.896110E-05   0.00000      0.177756E-03   0.00000    
   19.0000      0.890045E-05   0.00000      0.173648E-03   0.00000    
   19.1000      0.884041E-05   0.00000      0.169694E-03   0.00000    
   19.2000      0.878099E-05   0.00000      0.165883E-03   0.00000    
   19.3000      0.872217E-05   0.00000      0.162210E-03   0.00000    
   19.4000      0.866395E-05   0.00000      0.158667E-03   0.00000    
   19.5000      0.860631E-05   0.00000      0.155248E-03   0.00000    
   19.6000      0.854925E-05   0.00000      0.151947E-03   0.00000    
   19.7000      0.849276E-05   0.00000      0.148757E-03   0.00000    
   19.8000      0.843684E-05   0.00000      0.145675E-03   0.00000    
   19.9000      0.838147E-05   0.00000      0.142695E-03   0.00000    
   20.0000      0.832666E-05   0.00000      0.139812E-03   0.00000    
