 # 2site DOS and GIPR created by main.f90 with subroutines in routines.f90
 #
# parameters: U =  8.00  t = -1.00  W = 12.00
# nbins = 600     ensemble size =    10000000
 #
 # Filling:  0.499249905    
 # Filling Error:   3.34428996E-03
 #
 #  Frequency           DOS            GIPR
  -12.0000000       1.30281132E-03   1.12304783    
  -11.9600000       1.31902506E-03   1.12789392    
  -11.9200001       1.34165969E-03   1.14351344    
  -11.8800001       1.36839563E-03   1.14204347    
  -11.8400002       1.41265127E-03   1.14712512    
  -11.8000002       1.44012773E-03   1.16018319    
  -11.7600002       1.46890862E-03   1.15473664    
  -11.7200003       1.51121058E-03   1.13592684    
  -11.6800003       1.53507607E-03   1.12875557    
  -11.6400003       1.57958991E-03   1.12829244    
  -11.6000004       1.61069224E-03   1.11090469    
  -11.5600004       1.64772617E-03   1.11815751    
  -11.5200005       1.69365562E-03   1.11468196    
  -11.4800005       1.69757113E-03   1.10655916    
  -11.4400005       1.76264264E-03   1.09433281    
  -11.4000006       1.80909212E-03   1.09651971    
  -11.3600006       1.85137219E-03   1.08812070    
  -11.3200006       1.88974594E-03   1.07994127    
  -11.2800007       1.92516018E-03   1.08220422    
  -11.2400007       1.94362528E-03   1.07363296    
  -11.2000008       2.02440470E-03   1.06472290    
  -11.1600008       2.04457203E-03   1.06444621    
  -11.1200008       2.13104836E-03   1.06105053    
  -11.0800009       2.18793354E-03   1.05609977    
  -11.0400009       2.20919470E-03   1.05567241    
  -11.0000010       2.28079711E-03   1.05327368    
  -10.9600010       2.34864024E-03   1.04769361    
  -10.9200010       2.38490617E-03   1.04371202    
  -10.8800011       2.47771130E-03   1.04428744    
  -10.8400011       2.54171202E-03   1.03697383    
  -10.8000011       2.60775373E-03   1.03925920    
  -10.7600012       2.70007993E-03   1.03433943    
  -10.7200012       2.74888868E-03   1.02993059    
  -10.6800013       2.82814261E-03   1.02569115    
  -10.6400013       2.89780740E-03   1.02208114    
  -10.6000013       3.00026638E-03   1.01862133    
  -10.5600014       3.10686999E-03   1.00982487    
  -10.5200014       3.26642045E-03   1.00440836    
  -10.4800014       3.37008387E-03  0.989879787    
  -10.4400015       3.48598300E-03  0.986659706    
  -10.4000015       3.51860328E-03  0.985368431    
  -10.3600016       3.54952877E-03  0.988352239    
  -10.3200016       3.65942088E-03  0.988360822    
  -10.2800016       3.81699228E-03  0.984399140    
  -10.2400017       3.78278759E-03  0.986604273    
  -10.2000017       3.83843482E-03  0.987808883    
  -10.1600018       3.99417337E-03  0.984443247    
  -10.1200018       4.10638656E-03  0.985198975    
  -10.0800018       4.12604073E-03  0.987198770    
  -10.0400019       4.24356712E-03  0.984694600    
  -10.0000019       4.54903627E-03  0.966452599    
  -9.96000195       4.81939549E-03  0.953554034    
  -9.92000198       5.08368528E-03  0.948496938    
  -9.88000202       5.27707255E-03  0.943645418    
  -9.84000206       5.59368264E-03  0.944812596    
  -9.80000210       5.84594673E-03  0.939719975    
  -9.76000214       6.04791008E-03  0.940105438    
  -9.72000217       6.36295462E-03  0.938986182    
  -9.68000221       6.69580325E-03  0.939039409    
  -9.64000225       7.00515183E-03  0.938035488    
  -9.60000229       7.51968194E-03  0.939699352    
  -9.56000233       7.79338460E-03  0.940185845    
  -9.52000237       8.24742112E-03  0.940340340    
  -9.48000240       8.70341342E-03  0.941457748    
  -9.44000244       9.15465783E-03  0.941930473    
  -9.40000248       9.74869449E-03  0.945530593    
  -9.36000252       1.02788704E-02  0.944771826    
  -9.32000256       1.08225606E-02  0.946507096    
  -9.28000259       1.15565285E-02  0.948235929    
  -9.24000263       1.22035164E-02  0.949407578    
  -9.20000267       1.27515392E-02  0.951031864    
  -9.16000271       1.33710336E-02  0.953285098    
  -9.12000275       1.43313538E-02  0.953560710    
  -9.08000278       1.51740555E-02  0.954402924    
  -9.04000282       1.64956301E-02  0.953706801    
  -9.00000286       1.81543604E-02  0.946977198    
  -8.96000290       2.08091047E-02  0.913886309    
  -8.92000294       2.14892440E-02  0.904313385    
  -8.88000298       2.15688832E-02  0.903965473    
  -8.84000301       2.15638410E-02  0.904825389    
  -8.80000305       2.14435030E-02  0.904556870    
  -8.76000309       2.17744671E-02  0.903781056    
  -8.72000313       2.16229074E-02  0.904048145    
  -8.68000317       2.18273401E-02  0.905609846    
  -8.64000320       2.19433550E-02  0.903325975    
  -8.60000324       2.17293482E-02  0.903490782    
  -8.56000328       2.20459327E-02  0.903558075    
  -8.52000332       2.19058301E-02  0.903391898    
  -8.48000336       2.19225213E-02  0.906387389    
  -8.44000340       2.17613690E-02  0.908252001    
  -8.40000343       2.17319597E-02  0.910128176    
  -8.36000347       2.16729064E-02  0.910106838    
  -8.32000351       2.16264408E-02  0.911581874    
  -8.28000355       2.16104928E-02  0.911493719    
  -8.24000359       2.15271935E-02  0.911335051    
  -8.20000362       2.15606876E-02  0.911734045    
  -8.16000366       2.13444736E-02  0.911784887    
  -8.12000370       2.13342085E-02  0.912037849    
  -8.08000374       2.14232374E-02  0.911874115    
  -8.04000378       2.14083847E-02  0.911911190    
  -8.00000381       2.13365350E-02  0.911739171    
  -7.96000385       2.12449189E-02  0.911678910    
  -7.92000389       2.12266818E-02  0.911331415    
  -7.88000393       2.12295614E-02  0.910950065    
  -7.84000397       2.12492943E-02  0.910655141    
  -7.80000401       2.12421715E-02  0.911367655    
  -7.76000404       2.11497117E-02  0.911871731    
  -7.72000408       2.11482961E-02  0.910682738    
  -7.68000412       2.11539511E-02  0.910881221    
  -7.64000416       2.08910406E-02  0.910168171    
  -7.60000420       2.09259614E-02  0.910851240    
  -7.56000423       2.09616851E-02  0.910644770    
  -7.52000427       2.08341591E-02  0.908703804    
  -7.48000431       2.08156165E-02  0.908872247    
  -7.44000435       2.07358487E-02  0.908867478    
  -7.40000439       2.07092334E-02  0.908216417    
  -7.36000443       2.05413923E-02  0.909360051    
  -7.32000446       2.05584392E-02  0.907930553    
  -7.28000450       2.04511136E-02  0.907850564    
  -7.24000454       2.04932354E-02  0.907748282    
  -7.20000458       2.06615869E-02  0.907778442    
  -7.16000462       2.07602829E-02  0.907975972    
  -7.12000465       2.10380927E-02  0.908323765    
  -7.08000469       2.10686363E-02  0.908518255    
  -7.04000473       2.13341527E-02  0.908335388    
  -7.00000477       2.14813054E-02  0.909312367    
  -6.96000481       2.20828149E-02  0.897290528    
  -6.92000484       2.39511430E-02  0.870992601    
  -6.88000488       2.48230454E-02  0.860874534    
  -6.84000492       2.54219640E-02  0.851971686    
  -6.80000496       2.60724202E-02  0.845389962    
  -6.76000500       2.68107615E-02  0.836857319    
  -6.72000504       2.73136403E-02  0.834059715    
  -6.68000507       2.77619641E-02  0.827877998    
  -6.64000511       2.80346293E-02  0.824316382    
  -6.60000515       2.84668114E-02  0.819868028    
  -6.56000519       2.89998725E-02  0.816524863    
  -6.52000523       2.91609559E-02  0.812730134    
  -6.48000526       2.96554621E-02  0.809490740    
  -6.44000530       2.99889538E-02  0.804987967    
  -6.40000534       3.03474590E-02  0.804093957    
  -6.36000538       3.08399498E-02  0.800047755    
  -6.32000542       3.09894979E-02  0.796296060    
  -6.28000546       3.10744047E-02  0.796894312    
  -6.24000549       3.13731581E-02  0.792949378    
  -6.20000553       3.17164473E-02  0.789899170    
  -6.16000557       3.21638212E-02  0.787670672    
  -6.12000561       3.22262906E-02  0.785017908    
  -6.08000565       3.23545188E-02  0.783587039    
  -6.04000568       3.28047797E-02  0.780112505    
  -6.00000572       3.31242979E-02  0.779973865    
  -5.96000576       3.34933102E-02  0.777051032    
  -5.92000580       3.32491174E-02  0.775281370    
  -5.88000584       3.38046923E-02  0.770688593    
  -5.84000587       3.38614061E-02  0.770487845    
  -5.80000591       3.41914557E-02  0.766946316    
  -5.76000595       3.43519375E-02  0.766651511    
  -5.72000599       3.47234346E-02  0.763540030    
  -5.68000603       3.48894149E-02  0.763278902    
  -5.64000607       3.49712893E-02  0.761030257    
  -5.60000610       3.49566154E-02  0.758468211    
  -5.56000614       3.55453789E-02  0.756553292    
  -5.52000618       3.58272381E-02  0.755051911    
  -5.48000622       3.55664082E-02  0.752471864    
  -5.44000626       3.61960605E-02  0.749244153    
  -5.40000629       3.62970568E-02  0.747931600    
  -5.36000633       3.63715552E-02  0.747494519    
  -5.32000637       3.63353044E-02  0.745196700    
  -5.28000641       3.67526673E-02  0.742672741    
  -5.24000645       3.68650258E-02  0.741585970    
  -5.20000648       3.70184965E-02  0.738324702    
  -5.16000652       3.73202115E-02  0.737105489    
  -5.12000656       3.70097309E-02  0.738001525    
  -5.08000660       3.75165753E-02  0.733408153    
  -5.04000664       3.77349369E-02  0.730899215    
  -5.00000668       3.79686728E-02  0.729467988    
  -4.96000671       3.80193256E-02  0.728269100    
  -4.92000675       3.82278785E-02  0.726104617    
  -4.88000679       3.81284356E-02  0.724020183    
  -4.84000683       3.89919914E-02  0.721625984    
  -4.80000687       3.86973284E-02  0.720044196    
  -4.76000690       3.88311706E-02  0.717859805    
  -4.72000694       3.89978476E-02  0.716849923    
  -4.68000698       3.93357351E-02  0.715173066    
  -4.64000702       3.96584794E-02  0.712085724    
  -4.60000706       3.93435061E-02  0.710489929    
  -4.56000710       3.95366773E-02  0.709465921    
  -4.52000713       3.99827510E-02  0.706478179    
  -4.48000717       3.97447608E-02  0.704666197    
  -4.44000721       4.02624235E-02  0.702017128    
  -4.40000725       4.02911678E-02  0.699605346    
  -4.36000729       4.03421447E-02  0.698943734    
  -4.32000732       4.06325310E-02  0.695954263    
  -4.28000736       4.06518318E-02  0.693813384    
  -4.24000740       4.10240144E-02  0.691767395    
  -4.20000744       4.12911475E-02  0.689743042    
  -4.16000748       4.11783308E-02  0.688337803    
  -4.12000751       4.15022448E-02  0.685196340    
  -4.08000755       4.13467400E-02  0.682193756    
  -4.04000759       4.17056344E-02  0.681005955    
  -4.00000763       4.20389399E-02  0.678457797    
  -3.96000767       4.21920121E-02  0.675784349    
  -3.92000771       4.23972197E-02  0.673705757    
  -3.88000774       4.24493439E-02  0.673099160    
  -3.84000778       4.27214094E-02  0.667868912    
  -3.80000782       4.30347770E-02  0.665664911    
  -3.76000786       4.31661606E-02  0.663034678    
  -3.72000790       4.31525707E-02  0.660684228    
  -3.68000793       4.36350144E-02  0.659176409    
  -3.64000797       4.36262749E-02  0.656689703    
  -3.60000801       4.39882465E-02  0.653316021    
  -3.56000805       4.41950113E-02  0.652063429    
  -3.52000809       4.47126478E-02  0.647911489    
  -3.48000813       4.45736982E-02  0.645926118    
  -3.44000816       4.48002368E-02  0.643445373    
  -3.40000820       4.49926145E-02  0.640024304    
  -3.36000824       4.50628102E-02  0.637310386    
  -3.32000828       4.55500782E-02  0.635243118    
  -3.28000832       4.57248501E-02  0.632527053    
  -3.24000835       4.57033105E-02  0.629696369    
  -3.20000839       4.61227112E-02  0.626571596    
  -3.16000843       4.64493372E-02  0.624439597    
  -3.12000847       4.66920175E-02  0.620169461    
  -3.08000851       4.71631400E-02  0.616767526    
  -3.04000854       4.73832600E-02  0.614464462    
  -3.00000858       4.79506589E-02  0.611999273    
  -2.96000862       4.86351214E-02  0.607440114    
  -2.92000866       4.88917865E-02  0.606867194    
  -2.88000870       5.01918383E-02  0.605701089    
  -2.84000874       5.13029248E-02  0.606805921    
  -2.80000877       5.40431589E-02  0.608203709    
  -2.76000881       5.79933487E-02  0.608379304    
  -2.72000885       6.37257770E-02  0.607506096    
  -2.68000889       6.76392317E-02  0.607695401    
  -2.64000893       6.95788041E-02  0.610231459    
  -2.60000896       7.22278729E-02  0.613805234    
  -2.56000900       7.46190026E-02  0.618365228    
  -2.52000904       7.73548931E-02  0.623664021    
  -2.48000908       7.98508078E-02  0.630405605    
  -2.44000912       8.35799724E-02  0.638978124    
  -2.40000916       8.72833058E-02  0.647533655    
  -2.36000919       9.00300965E-02  0.651108682    
  -2.32000923       9.14075002E-02  0.655545354    
  -2.28000927       9.36768726E-02  0.661102116    
  -2.24000931       9.71338972E-02  0.669745088    
  -2.20000935      0.101950288      0.682959855    
  -2.16000938      0.109561428      0.703631759    
  -2.12000942      0.119014159      0.725174129    
  -2.08000946      0.119580992      0.726397753    
  -2.04000950      0.117444299      0.726126671    
  -2.00000954      0.116971172      0.725619912    
  -1.96000957      0.116968602      0.722648263    
  -1.92000961      0.116780691      0.720655799    
  -1.88000965      0.116914138      0.718072355    
  -1.84000969      0.117076695      0.715045333    
  -1.80000973      0.117471233      0.712406933    
  -1.76000977      0.118171796      0.709408820    
  -1.72000980      0.118763722      0.706250668    
  -1.68000984      0.119023576      0.703575790    
  -1.64000988      0.119807214      0.700942874    
  -1.60000992      0.120199285      0.696534932    
  -1.56000996      0.121611618      0.691162944    
  -1.52000999      0.122716747      0.688236535    
  -1.48001003      0.122670643      0.684898555    
  -1.44001007      0.122243911      0.683916152    
  -1.40001011      0.121639542      0.680879176    
  -1.36001015      0.121280387      0.678795815    
  -1.32001019      0.120247446      0.676248729    
  -1.28001022      0.120069742      0.673985302    
  -1.24001026      0.119298272      0.671248734    
  -1.20001030      0.118275434      0.668270707    
  -1.16001034      0.118348137      0.666024685    
  -1.12001038      0.117832981      0.662529945    
  -1.08001041      0.116737954      0.659984469    
  -1.04001045      0.115370765      0.657151759    
  -1.00001049      0.115355209      0.654222667    
 -0.960010469      0.114686146      0.649033725    
 -0.920010448      0.113676548      0.645187140    
 -0.880010426      0.113095604      0.641001999    
 -0.840010405      0.112642527      0.636705756    
 -0.800010383      0.111681670      0.632135630    
 -0.760010362      0.110293448      0.625874281    
 -0.720010340      0.109046035      0.620512307    
 -0.680010319      0.106967233      0.613818944    
 -0.640010297      0.105200686      0.606712401    
 -0.600010276      0.102615662      0.597091198    
 -0.560010254       9.87882391E-02  0.586443782    
 -0.520010233       9.33236629E-02  0.572676480    
 -0.480010241       8.37853178E-02  0.565822124    
 -0.440010250       8.35779682E-02  0.564888060    
 -0.400010258       8.31334069E-02  0.564283073    
 -0.360010266       8.34567323E-02  0.563537598    
 -0.320010275       8.34211186E-02  0.562450886    
 -0.280010283       8.34416822E-02  0.561906457    
 -0.240010291       8.37608278E-02  0.561563909    
 -0.200010300       8.35135728E-02  0.561397851    
 -0.160010308       8.33266079E-02  0.560553491    
 -0.120010309       8.33542496E-02  0.560493290    
  -8.00103098E-02   8.35534409E-02  0.560461760    
  -4.00103107E-02   8.38948935E-02  0.559996665    
  -1.03116035E-05   8.36072490E-02  0.559910357    
   3.99896875E-02   8.34779516E-02  0.560240209    
   7.99896866E-02   8.42504948E-02  0.560596347    
  0.119989686       8.39951858E-02  0.561002195    
  0.159989685       8.35548043E-02  0.561091185    
  0.199989676       8.32931176E-02  0.561461449    
  0.239989668       8.30462128E-02  0.562210560    
  0.279989660       8.34807158E-02  0.562765598    
  0.319989651       8.32861364E-02  0.563416719    
  0.359989643       8.36247951E-02  0.563990116    
  0.399989635       8.34259838E-02  0.565018356    
  0.439989626       8.36093500E-02  0.565661073    
  0.479989618       9.40917581E-02  0.572347760    
  0.519989610       9.92097333E-02  0.586346686    
  0.559989631      0.102662288      0.598257244    
  0.599989653      0.105252795      0.606712401    
  0.639989674      0.107072599      0.614005685    
  0.679989696      0.108759969      0.619735539    
  0.719989717      0.110064283      0.626226902    
  0.759989738      0.111466661      0.631435454    
  0.799989760      0.112297811      0.636376679    
  0.839989781      0.112895973      0.640918255    
  0.879989803      0.114035554      0.645419657    
  0.919989824      0.114838094      0.649491906    
  0.959989846      0.114910178      0.653471410    
  0.999989867      0.115899779      0.656871736    
   1.03998983      0.116902053      0.660262585    
   1.07998979      0.117208019      0.663865626    
   1.11998975      0.118188478      0.666220844    
   1.15998971      0.119196035      0.667928815    
   1.19998968      0.119285755      0.670537770    
   1.23998964      0.120060928      0.673180401    
   1.27998960      0.121258780      0.675882816    
   1.31998956      0.121172965      0.678873360    
   1.35998952      0.121578306      0.681302369    
   1.39998949      0.122198462      0.684099019    
   1.43998945      0.122632146      0.685967326    
   1.47998941      0.123373039      0.688771069    
   1.51998937      0.122085169      0.691933274    
   1.55998933      0.120836765      0.697188795    
   1.59998930      0.119255744      0.700485647    
   1.63998926      0.119384728      0.704484880    
   1.67998922      0.118552081      0.707409859    
   1.71998918      0.117554180      0.709555328    
   1.75998914      0.117773004      0.712479591    
   1.79998910      0.117020741      0.716148674    
   1.83998907      0.116953835      0.717641413    
   1.87998903      0.117053457      0.720891058    
   1.91998899      0.116618820      0.722802520    
   1.95998895      0.116574839      0.725531280    
   1.99998891      0.117845103      0.726247132    
   2.03998899      0.118585482      0.726011753    
   2.07998896      0.118999876      0.725430310    
   2.11998892      0.110259481      0.703273237    
   2.15998888      0.101677530      0.682803750    
   2.19998884       9.67102349E-02  0.668966174    
   2.23998880       9.35059190E-02  0.660982788    
   2.27998877       9.17224362E-02  0.655141056    
   2.31998873       8.94755274E-02  0.652598560    
   2.35998869       8.76297802E-02  0.647383869    
   2.39998865       8.40704814E-02  0.639172435    
   2.43998861       8.03201571E-02  0.630397260    
   2.47998857       7.75294453E-02  0.623691678    
   2.51998854       7.48217329E-02  0.618145287    
   2.55998850       7.14337751E-02  0.613246739    
   2.59998846       6.93837628E-02  0.610962868    
   2.63998842       6.75745234E-02  0.607702792    
   2.67998838       6.42055571E-02  0.606875062    
   2.71998835       5.78925386E-02  0.607835412    
   2.75998831       5.41196503E-02  0.607518196    
   2.79998827       5.09936847E-02  0.607121408    
   2.83998823       5.00703119E-02  0.604793787    
   2.87998819       4.85463142E-02  0.605766237    
   2.91998816       4.83733974E-02  0.608701110    
   2.95998812       4.76030596E-02  0.611966908    
   2.99998808       4.73917983E-02  0.615340233    
   3.03998804       4.70737331E-02  0.617498875    
   3.07998800       4.68806624E-02  0.619297445    
   3.11998796       4.67834808E-02  0.623065770    
   3.15998793       4.62017581E-02  0.625625193    
   3.19998789       4.57686074E-02  0.629872084    
   3.23998785       4.57157977E-02  0.632431149    
   3.27998781       4.56567034E-02  0.635151863    
   3.31998777       4.50681485E-02  0.637398243    
   3.35998774       4.51530963E-02  0.640999317    
   3.39998770       4.48659062E-02  0.642288387    
   3.43998766       4.47190292E-02  0.645478606    
   3.47998762       4.41787206E-02  0.648195446    
   3.51998758       4.43504155E-02  0.650750995    
   3.55998755       4.39031124E-02  0.653600633    
   3.59998751       4.36458401E-02  0.656536281    
   3.63998747       4.29737493E-02  0.659579337    
   3.67998743       4.31815609E-02  0.660802841    
   3.71998739       4.28733937E-02  0.662789047    
   3.75998735       4.29339707E-02  0.666477561    
   3.79998732       4.27484214E-02  0.669581056    
   3.83998728       4.23292480E-02  0.671169519    
   3.87998724       4.24190015E-02  0.672587454    
   3.91998720       4.21866365E-02  0.675594211    
   3.95998716       4.19404581E-02  0.677690625    
   3.99998713       4.18300517E-02  0.681520879    
   4.03998709       4.15835977E-02  0.682483077    
   4.07998705       4.15069982E-02  0.685025334    
   4.11998701       4.14170325E-02  0.686850965    
   4.15998697       4.10236865E-02  0.689597785    
   4.19998693       4.09443863E-02  0.692256868    
   4.23998690       4.06311005E-02  0.694658697    
   4.27998686       4.10572551E-02  0.696191311    
   4.31998682       4.08706330E-02  0.698500156    
   4.35998678       4.04070653E-02  0.699783146    
   4.39998674       3.99120674E-02  0.702061951    
   4.43998671       3.99634503E-02  0.704779804    
   4.47998667       3.97771448E-02  0.706279516    
   4.51998663       3.93442400E-02  0.708793938    
   4.55998659       3.95960473E-02  0.710660517    
   4.59998655       3.94029431E-02  0.711002827    
   4.63998652       3.93047519E-02  0.715226769    
   4.67998648       3.92362289E-02  0.715660274    
   4.71998644       3.87466811E-02  0.718243837    
   4.75998640       3.85366380E-02  0.719811857    
   4.79998636       3.85910347E-02  0.722248733    
   4.83998632       3.87362316E-02  0.723984838    
   4.87998629       3.81144397E-02  0.726254344    
   4.91998625       3.80742401E-02  0.727042437    
   4.95998621       3.78155485E-02  0.728191912    
   4.99998617       3.78332175E-02  0.731772602    
   5.03998613       3.74459401E-02  0.733140111    
   5.07998610       3.72673161E-02  0.734609723    
   5.11998606       3.73958722E-02  0.737448573    
   5.15998602       3.68535556E-02  0.738182127    
   5.19998598       3.69342007E-02  0.740438163    
   5.23998594       3.68413217E-02  0.741831183    
   5.27998590       3.66318300E-02  0.744826078    
   5.31998587       3.62273417E-02  0.747253358    
   5.35998583       3.60206254E-02  0.748391449    
   5.39998579       3.58107276E-02  0.751214564    
   5.43998575       3.61697301E-02  0.752361536    
   5.47998571       3.56022306E-02  0.754568636    
   5.51998568       3.56495604E-02  0.754837871    
   5.55998564       3.51369195E-02  0.758698940    
   5.59998560       3.50983366E-02  0.761107504    
   5.63998556       3.49029042E-02  0.762149155    
   5.67998552       3.47031094E-02  0.765234113    
   5.71998549       3.45050581E-02  0.766439915    
   5.75998545       3.41830440E-02  0.770333946    
   5.79998541       3.40803303E-02  0.770424545    
   5.83998537       3.37553322E-02  0.773195148    
   5.87998533       3.32097225E-02  0.773916006    
   5.91998529       3.33340690E-02  0.777090490    
   5.95998526       3.31191495E-02  0.779298961    
   5.99998522       3.28343399E-02  0.779433310    
   6.03998518       3.28514576E-02  0.783153474    
   6.07998514       3.22538875E-02  0.784697652    
   6.11998510       3.22020240E-02  0.787454545    
   6.15998507       3.17405276E-02  0.789974153    
   6.19998503       3.16313170E-02  0.793645561    
   6.23998499       3.11694052E-02  0.796051562    
   6.27998495       3.12983952E-02  0.797062695    
   6.31998491       3.06494366E-02  0.800849199    
   6.35998487       3.06159090E-02  0.800720334    
   6.39998484       2.98807528E-02  0.806785464    
   6.43998480       2.97226682E-02  0.810275614    
   6.47998476       2.93950811E-02  0.814701080    
   6.51998472       2.90326700E-02  0.814035475    
   6.55998468       2.84952167E-02  0.820367455    
   6.59998465       2.81037819E-02  0.823395610    
   6.63998461       2.75441390E-02  0.827462077    
   6.67998457       2.73075458E-02  0.832782388    
   6.71998453       2.67706998E-02  0.837173283    
   6.75998449       2.61561610E-02  0.845777154    
   6.79998446       2.55296566E-02  0.852254033    
   6.83998442       2.46757492E-02  0.861234188    
   6.87998438       2.37781946E-02  0.871799171    
   6.91998434       2.22840980E-02  0.897529364    
   6.95998430       2.13503353E-02  0.908876479    
   6.99998426       2.12114174E-02  0.910383642    
   7.03998423       2.12591197E-02  0.908999920    
   7.07998419       2.11023260E-02  0.908550680    
   7.11998415       2.08869260E-02  0.908536017    
   7.15998411       2.06540916E-02  0.907633305    
   7.19998407       2.03531384E-02  0.907424629    
   7.23998404       2.05594283E-02  0.906603456    
   7.27998400       2.04619113E-02  0.908891499    
   7.31998396       2.05002520E-02  0.908630729    
   7.35998392       2.06702780E-02  0.909294486    
   7.39998388       2.07852311E-02  0.909283161    
   7.43998384       2.08375566E-02  0.910085917    
   7.47998381       2.08285861E-02  0.908714831    
   7.51998377       2.07862239E-02  0.911045730    
   7.55998373       2.09793039E-02  0.909832120    
   7.59998369       2.09501255E-02  0.911576688    
   7.63998365       2.10106075E-02  0.911340714    
   7.67998362       2.11545341E-02  0.912414134    
   7.71998358       2.10624505E-02  0.912135184    
   7.75998354       2.12442186E-02  0.912643790    
   7.79998350       2.13648919E-02  0.912654877    
   7.83998346       2.12765019E-02  0.911154389    
   7.87998343       2.13891361E-02  0.912668943    
   7.91998339       2.13173535E-02  0.913583100    
   7.95998335       2.14414094E-02  0.913276792    
   7.99998331       2.16208789E-02  0.912466884    
   8.03998375       2.13675648E-02  0.912507832    
   8.07998371       2.14080140E-02  0.912532806    
   8.11998367       2.16764994E-02  0.912560701    
   8.15998363       2.15944797E-02  0.912864447    
   8.19998360       2.15370134E-02  0.912216783    
   8.23998356       2.16406751E-02  0.912286103    
   8.27998352       2.19254941E-02  0.912205875    
   8.31998348       2.17566323E-02  0.911378801    
   8.35998344       2.18159482E-02  0.909624577    
   8.39998341       2.19944809E-02  0.908987403    
   8.43998337       2.19584350E-02  0.906370819    
   8.47998333       2.19725594E-02  0.905613482    
   8.51998329       2.20519342E-02  0.904699326    
   8.55998325       2.20081564E-02  0.904458761    
   8.59998322       2.19081789E-02  0.905332744    
   8.63998318       2.18083635E-02  0.905875921    
   8.67998314       2.18023155E-02  0.905589581    
   8.71998310       2.17287485E-02  0.904852092    
   8.75998306       2.17679311E-02  0.904663026    
   8.79998302       2.15882920E-02  0.905905485    
   8.83998299       2.15688571E-02  0.906043053    
   8.87998295       2.15930715E-02  0.905999720    
   8.91998291       2.08886657E-02  0.914719760    
   8.95998287       1.82024967E-02  0.949132442    
   8.99998283       1.65168718E-02  0.955371499    
   9.03998280       1.54505940E-02  0.956698298    
   9.07998276       1.43090962E-02  0.956148863    
   9.11998272       1.34891160E-02  0.955183208    
   9.15998268       1.28696328E-02  0.953416288    
   9.19998264       1.22319255E-02  0.953294992    
   9.23998260       1.15200737E-02  0.951944351    
   9.27998257       1.09703289E-02  0.948799074    
   9.31998253       1.03686852E-02  0.948787630    
   9.35998249       9.63441841E-03  0.948203266    
   9.39998245       9.24447272E-03  0.946925044    
   9.43998241       8.65008589E-03  0.946460903    
   9.47998238       8.20918195E-03  0.945414603    
   9.51998234       7.92300981E-03  0.943611920    
   9.55998230       7.49955792E-03  0.943764329    
   9.59998226       7.17587210E-03  0.942604184    
   9.63998222       6.79171504E-03  0.944554567    
   9.67998219       6.44936739E-03  0.944661200    
   9.71998215       6.19453285E-03  0.944714129    
   9.75998211       5.97734191E-03  0.945190191    
   9.79998207       5.76052908E-03  0.947818577    
   9.83998203       5.47277648E-03  0.950750470    
   9.87998199       5.16377576E-03  0.954530299    
   9.91998196       4.91997553E-03  0.964776695    
   9.95998192       4.72246623E-03  0.976627171    
   9.99998188       4.43880958E-03  0.995387852    
   10.0399818       4.31169802E-03  0.997420907    
   10.0799818       4.20777965E-03  0.999102771    
   10.1199818       4.14558360E-03   1.00192082    
   10.1599817       4.09086607E-03   1.00291800    
   10.1999817       4.03375365E-03   1.00490963    
   10.2399817       3.94010777E-03   1.00636053    
   10.2799816       3.88778071E-03   1.00843287    
   10.3199816       3.81564582E-03   1.01052594    
   10.3599815       3.76877375E-03   1.01338053    
   10.3999815       3.68225854E-03   1.01720023    
   10.4399815       3.64657980E-03   1.02028525    
   10.4799814       3.52685526E-03   1.03728294    
   10.5199814       3.40271252E-03   1.05096889    
   10.5599813       3.31827905E-03   1.05834520    
   10.5999813       3.25745530E-03   1.06632411    
   10.6399813       3.15993722E-03   1.07510138    
   10.6799812       3.10253305E-03   1.08238113    
   10.7199812       3.02972831E-03   1.08977032    
   10.7599812       2.98928237E-03   1.09784830    
   10.7999811       2.93924147E-03   1.10611355    
   10.8399811       2.86243763E-03   1.11770582    
   10.8799810       2.80922023E-03   1.12570453    
   10.9199810       2.80074775E-03   1.13226593    
   10.9599810       2.73919129E-03   1.14566314    
   10.9999809       2.74861953E-03   1.15389979    
   11.0399809       2.67484901E-03   1.16980660    
   11.0799809       2.64257612E-03   1.18210661    
   11.1199808       2.61378754E-03   1.19332576    
   11.1599808       2.62220320E-03   1.20440614    
   11.1999807       2.60856329E-03   1.21728063    
   11.2399807       2.55413586E-03   1.23481548    
   11.2799807       2.58917408E-03   1.24760211    
   11.3199806       2.53872573E-03   1.27333164    
   11.3599806       2.53315060E-03   1.28897870    
   11.3999805       2.51790439E-03   1.30661166    
   11.4399805       2.52673379E-03   1.32721817    
   11.4799805       2.52464204E-03   1.34624863    
   11.5199804       2.51810951E-03   1.37474334    
   11.5599804       2.52777571E-03   1.40215397    
   11.5999804       2.54000071E-03   1.42862272    
   11.6399803       2.54723127E-03   1.46763909    
   11.6799803       2.54278048E-03   1.49251604    
   11.7199802       2.58773449E-03   1.51809347    
   11.7599802       2.56592920E-03   1.56294441    
   11.7999802       2.60146288E-03   1.58955407    
   11.8399801       2.59986403E-03   1.63985825    
   11.8799801       2.61105364E-03   1.66961336    
   11.9199800       2.60490365E-03   1.72697818    
   11.9599800       2.59459065E-03   1.77776062    
