 # 2site DOS and GIPR created by main.f90 with subroutines in routines.f90
 #
# parameters: U =  4.00  t = -1.00  W = 12.00
# nbins = 600     ensemble size =    10000000
 #
 # Filling:  0.366248220    
 # Filling Error:   4.33024205E-03
 #
 #  Frequency           DOS            GIPR
  -12.0000000       4.05414939E-05   1.09551609    
  -11.9600000       4.21192781E-05   1.07184768    
  -11.9200001       4.37635972E-05   1.08481884    
  -11.8800001       4.54642504E-05   1.07646620    
  -11.8400002       4.72191969E-05   1.07884991    
  -11.8000002       4.80106683E-05   1.09735394    
  -11.7600002       5.17444460E-05   1.08983505    
  -11.7200003       5.30336729E-05   1.07668090    
  -11.6800003       5.46983720E-05   1.08205903    
  -11.6400003       5.58718421E-05   1.09006381    
  -11.6000004       5.87805116E-05   1.06615400    
  -11.5600004       6.13065713E-05   1.06841946    
  -11.5200005       6.30266150E-05   1.06574285    
  -11.4800005       6.57751516E-05   1.06240606    
  -11.4400005       6.78994620E-05   1.06193078    
  -11.4000006       7.04881750E-05   1.05315161    
  -11.3600006       7.37241571E-05   1.05180466    
  -11.3200006       7.57043454E-05   1.04942727    
  -11.2800007       7.98869005E-05   1.04888141    
  -11.2400007       8.11934515E-05   1.05285966    
  -11.2000008       8.42966110E-05   1.05718648    
  -11.1600008       8.56405313E-05   1.05601990    
  -11.1200008       8.93268516E-05   1.04749525    
  -11.0800009       9.35499047E-05   1.05979693    
  -11.0400009       9.69396206E-05   1.05664301    
  -11.0000010       9.98684918E-05   1.05309141    
  -10.9600010       1.01722850E-04   1.05970943    
  -10.9200010       1.06168722E-04   1.04786766    
  -10.8800011       1.09558379E-04   1.04146183    
  -10.8400011       1.12525828E-04   1.05055511    
  -10.8000011       1.17218464E-04   1.05627143    
  -10.7600012       1.21706595E-04   1.04390919    
  -10.7200012       1.27598643E-04   1.03814912    
  -10.6800013       1.31039807E-04   1.03530240    
  -10.6400013       1.34836067E-04   1.04044485    
  -10.6000013       1.37873707E-04   1.03977776    
  -10.5600014       1.43393205E-04   1.04269707    
  -10.5200014       1.51409666E-04   1.03373337    
  -10.4800014       1.54762616E-04   1.02710438    
  -10.4400015       1.61015545E-04   1.02508831    
  -10.4000015       1.67850405E-04   1.02847946    
  -10.3600016       1.70901942E-04   1.03700435    
  -10.3200016       1.76051690E-04   1.02196169    
  -10.2800016       1.84237273E-04   1.02822685    
  -10.2400017       1.91146522E-04   1.02521420    
  -10.2000017       1.96552195E-04   1.02303672    
  -10.1600018       2.04532524E-04   1.02848363    
  -10.1200018       2.08763944E-04   1.02667713    
  -10.0800018       2.15386070E-04   1.02233636    
  -10.0400019       2.28644218E-04   1.02354252    
  -10.0000019       2.31610538E-04   1.02800882    
  -9.96000195       2.41501199E-04   1.02376318    
  -9.92000198       2.54133891E-04   1.02116203    
  -9.88000202       2.61786394E-04   1.01934278    
  -9.84000206       2.73638725E-04   1.01845026    
  -9.80000210       2.75104481E-04   1.02259243    
  -9.76000214       2.89150805E-04   1.02105188    
  -9.72000217       3.03279492E-04   1.01884377    
  -9.68000221       3.11618438E-04   1.01440787    
  -9.64000225       3.24204855E-04   1.01453471    
  -9.60000229       3.34092794E-04   1.01123810    
  -9.56000233       3.46995657E-04   1.01572430    
  -9.52000237       3.54214280E-04   1.01194060    
  -9.48000240       3.71713948E-04   1.01245344    
  -9.44000244       3.84016370E-04   1.01224232    
  -9.40000248       3.94055969E-04   1.00465775    
  -9.36000252       4.17849078E-04   1.01150262    
  -9.32000256       4.34144953E-04   1.01198220    
  -9.28000259       4.45777550E-04   1.01358593    
  -9.24000263       4.57294140E-04   1.01043308    
  -9.20000267       4.77204478E-04   1.01052022    
  -9.16000271       5.01330243E-04   1.00682414    
  -9.12000275       5.21941751E-04   1.00781274    
  -9.08000278       5.39510744E-04   1.01223803    
  -9.04000282       5.59498207E-04   1.00941491    
  -9.00000286       5.87987131E-04   1.00474322    
  -8.96000290       6.18532591E-04   1.00619602    
  -8.92000294       6.17148471E-04   1.00727224    
  -8.88000298       6.30061666E-04   1.00671530    
  -8.84000301       6.43250940E-04   1.00749564    
  -8.80000305       6.48422749E-04   1.00556123    
  -8.76000309       6.59103040E-04   1.00462556    
  -8.72000313       6.73044531E-04   1.00554359    
  -8.68000317       6.87204418E-04   1.00829649    
  -8.64000320       6.94636488E-04   1.00861990    
  -8.60000324       7.10874214E-04   1.00829744    
  -8.56000328       7.17306335E-04   1.00959003    
  -8.52000332       7.37938797E-04   1.01057911    
  -8.48000336       7.47662678E-04   1.01235139    
  -8.44000340       7.59944029E-04   1.01332641    
  -8.40000343       7.74781627E-04   1.01333463    
  -8.36000347       7.88073521E-04   1.01221251    
  -8.32000351       7.95135216E-04   1.01193762    
  -8.28000355       8.27053096E-04   1.01158512    
  -8.24000359       8.32373917E-04   1.01124859    
  -8.20000362       8.52711324E-04   1.01024854    
  -8.16000366       8.69933341E-04   1.01032400    
  -8.12000370       8.81472370E-04   1.00897300    
  -8.08000374       9.05863184E-04   1.00794947    
  -8.04000378       9.28608759E-04   1.00822103    
  -8.00000381       9.39256221E-04   1.00704205    
  -7.96000385       9.54384566E-04   1.00713086    
  -7.92000389       9.71258967E-04   1.00681436    
  -7.88000393       1.00477308E-03   1.00589478    
  -7.84000397       1.02186343E-03   1.00568891    
  -7.80000401       1.06234802E-03   1.00507557    
  -7.76000404       1.06115011E-03   1.00462651    
  -7.72000408       1.08173897E-03   1.00466585    
  -7.68000412       1.11725519E-03   1.00392282    
  -7.64000416       1.13778503E-03   1.00307977    
  -7.60000420       1.16710225E-03   1.00216997    
  -7.56000423       1.18401763E-03   1.00263834    
  -7.52000427       1.20958174E-03   1.00159287    
  -7.48000431       1.24851847E-03   1.00118089    
  -7.44000435       1.27278815E-03   1.00027871    
  -7.40000439       1.29330717E-03  0.999905169    
  -7.36000443       1.34576496E-03  0.998927414    
  -7.32000446       1.37172546E-03  0.998457551    
  -7.28000450       1.41109910E-03  0.997474492    
  -7.24000454       1.43756124E-03  0.996319890    
  -7.20000458       1.46432233E-03  0.995328426    
  -7.16000462       1.51974196E-03  0.994200289    
  -7.12000465       1.55339157E-03  0.992662430    
  -7.08000469       1.60750572E-03  0.990871787    
  -7.04000473       1.65262376E-03  0.989464045    
  -7.00000477       1.69734331E-03  0.985718250    
  -6.96000481       1.74668152E-03  0.982598424    
  -6.92000484       1.81767484E-03  0.977199376    
  -6.88000488       1.87436817E-03  0.970037460    
  -6.84000492       2.00418825E-03  0.955862045    
  -6.80000496       2.02480378E-03  0.951283932    
  -6.76000500       2.06218986E-03  0.953613520    
  -6.72000504       2.08578119E-03  0.955299616    
  -6.68000507       2.13249400E-03  0.953999400    
  -6.64000511       2.15075421E-03  0.955745459    
  -6.60000515       2.18377821E-03  0.956942141    
  -6.56000519       2.24230532E-03  0.956478775    
  -6.52000523       2.27666181E-03  0.957776845    
  -6.48000526       2.32119579E-03  0.959160507    
  -6.44000530       2.38166680E-03  0.959515035    
  -6.40000534       2.46513775E-03  0.959050298    
  -6.36000538       2.52594426E-03  0.959707797    
  -6.32000542       2.57362286E-03  0.960700393    
  -6.28000546       2.62637390E-03  0.960412860    
  -6.24000549       2.68321554E-03  0.961250246    
  -6.20000553       2.73897871E-03  0.961968660    
  -6.16000557       2.83909752E-03  0.962519348    
  -6.12000561       2.91643688E-03  0.962329090    
  -6.08000565       2.97245150E-03  0.962933421    
  -6.04000568       3.10516567E-03  0.963125587    
  -6.00000572       3.46990325E-03  0.928502381    
  -5.96000576       3.91290663E-03  0.902777612    
  -5.92000580       4.22019744E-03  0.888682306    
  -5.88000584       4.49880306E-03  0.880938828    
  -5.84000587       4.89831204E-03  0.875482142    
  -5.80000591       5.22082625E-03  0.867995203    
  -5.76000595       5.60496654E-03  0.862996101    
  -5.72000599       6.09210879E-03  0.849949598    
  -5.68000603       6.89468160E-03  0.826658487    
  -5.64000607       7.25672022E-03  0.814861953    
  -5.60000610       7.52466219E-03  0.813177466    
  -5.56000614       7.87627045E-03  0.808872819    
  -5.52000618       8.31321348E-03  0.804673374    
  -5.48000622       8.76101758E-03  0.800409794    
  -5.44000626       8.88357125E-03  0.798787355    
  -5.40000629       8.97470582E-03  0.797538817    
  -5.36000633       8.95841606E-03  0.794926167    
  -5.32000637       9.04005766E-03  0.795067012    
  -5.28000641       9.14948806E-03  0.794210732    
  -5.24000645       9.19509307E-03  0.794352055    
  -5.20000648       9.31198429E-03  0.790776432    
  -5.16000652       9.34863929E-03  0.789416790    
  -5.12000656       9.44265258E-03  0.789231122    
  -5.08000660       9.54467710E-03  0.787442029    
  -5.04000664       9.56201460E-03  0.784332335    
  -5.00000668       9.74202249E-03  0.783584237    
  -4.96000671       9.74803418E-03  0.782437623    
  -4.92000675       9.80604533E-03  0.781348467    
  -4.88000679       9.87123232E-03  0.779977858    
  -4.84000683       9.87255014E-03  0.781513095    
  -4.80000687       9.64770932E-03  0.786240220    
  -4.76000690       9.57710855E-03  0.787189305    
  -4.72000694       9.40965023E-03  0.788916767    
  -4.68000698       9.45364125E-03  0.789325714    
  -4.64000702       9.44753550E-03  0.787845135    
  -4.60000706       9.39610973E-03  0.786378741    
  -4.56000710       9.42303240E-03  0.785246134    
  -4.52000713       9.26555041E-03  0.784749866    
  -4.48000717       9.24834423E-03  0.781574488    
  -4.44000721       9.28766001E-03  0.780244768    
  -4.40000725       9.15384758E-03  0.777901471    
  -4.36000729       9.19711217E-03  0.775956690    
  -4.32000732       9.28218756E-03  0.773594677    
  -4.28000736       9.14914347E-03  0.770325363    
  -4.24000740       9.21869185E-03  0.765836895    
  -4.20000744       9.14406404E-03  0.762807548    
  -4.16000748       9.19814967E-03  0.759376407    
  -4.12000751       9.22885258E-03  0.756347120    
  -4.08000755       9.00747813E-03  0.752834857    
  -4.04000759       8.97368509E-03  0.750057161    
  -4.00000763       9.09001101E-03  0.743603528    
  -3.96000767       8.99631251E-03  0.738546908    
  -3.92000771       8.97301640E-03  0.735914230    
  -3.88000774       9.19645373E-03  0.740152538    
  -3.84000778       1.18512614E-02  0.787257135    
  -3.80000782       1.39009273E-02  0.812479615    
  -3.76000786       1.55172572E-02  0.825952172    
  -3.72000790       1.67340245E-02  0.833043098    
  -3.68000793       1.82727445E-02  0.830047548    
  -3.64000797       2.12546717E-02  0.798582137    
  -3.60000801       2.31551528E-02  0.788893640    
  -3.56000805       2.45533418E-02  0.778966188    
  -3.52000809       2.60192733E-02  0.771156073    
  -3.48000813       2.72157583E-02  0.765492558    
  -3.44000816       2.82995608E-02  0.759452522    
  -3.40000820       2.92897411E-02  0.753790677    
  -3.36000824       3.03427018E-02  0.746970356    
  -3.32000828       3.13465670E-02  0.743227541    
  -3.28000832       3.25126797E-02  0.736514628    
  -3.24000835       3.41603495E-02  0.728505671    
  -3.20000839       3.54315788E-02  0.719351351    
  -3.16000843       3.67270894E-02  0.712633908    
  -3.12000847       3.77937853E-02  0.707050264    
  -3.08000851       3.91575880E-02  0.703308344    
  -3.04000854       4.00531031E-02  0.697665393    
  -3.00000858       4.16773111E-02  0.695350945    
  -2.96000862       4.44320999E-02  0.692903340    
  -2.92000866       4.76013795E-02  0.693778217    
  -2.88000870       5.06307930E-02  0.695428669    
  -2.84000874       5.36820628E-02  0.697314918    
  -2.80000877       5.67411482E-02  0.704877317    
  -2.76000881       6.17414489E-02  0.707547784    
  -2.72000885       6.74106404E-02  0.709625125    
  -2.68000889       7.35915899E-02  0.714737773    
  -2.64000893       8.15229863E-02  0.722650051    
  -2.60000896       9.24492776E-02  0.727742851    
  -2.56000900      0.102453031      0.739759922    
  -2.52000904      0.114706092      0.759641647    
  -2.48000908      0.126950890      0.778611600    
  -2.44000912      0.127619639      0.779870927    
  -2.40000916      0.126832858      0.778626263    
  -2.36000919      0.126213297      0.777084827    
  -2.32000923      0.125300869      0.776171923    
  -2.28000927      0.123651035      0.777442992    
  -2.24000931      0.124381684      0.775395334    
  -2.20000935      0.122996867      0.774162948    
  -2.16000938      0.122135729      0.774994195    
  -2.12000942      0.121390715      0.773440182    
  -2.08000946      0.120157517      0.773149967    
  -2.04000950      0.119371980      0.773227751    
  -2.00000954      0.118605398      0.774334013    
  -1.96000957      0.117880747      0.773055673    
  -1.92000961      0.116879649      0.772476017    
  -1.88000965      0.116304360      0.769091666    
  -1.84000969      0.115944684      0.768544614    
  -1.80000973      0.115099587      0.766532063    
  -1.76000977      0.115543045      0.763431787    
  -1.72000980      0.115412049      0.762246430    
  -1.68000984      0.114715680      0.759440184    
  -1.64000988      0.115952887      0.757051110    
  -1.60000992      0.115418263      0.752787888    
  -1.56000996      0.115624353      0.751271665    
  -1.52000999      0.115710147      0.747624695    
  -1.48001003      0.115099818      0.744448483    
  -1.44001007      0.115638986      0.741370797    
  -1.40001011      0.115636900      0.738605320    
  -1.36001015      0.115777127      0.735642135    
  -1.32001019      0.115451813      0.731187046    
  -1.28001022      0.115693957      0.727053106    
  -1.24001026      0.117214344      0.722386837    
  -1.20001030      0.118518390      0.716292620    
  -1.16001034      0.119213544      0.711509287    
  -1.12001038      0.118513778      0.707664788    
  -1.08001041      0.117817625      0.705043316    
  -1.04001045      0.117449068      0.701612055    
  -1.00001049      0.116290577      0.699799955    
 -0.960010469      0.114921346      0.697577775    
 -0.920010448      0.113614254      0.695543230    
 -0.880010426      0.111243330      0.695368648    
 -0.840010405      0.107181735      0.699138582    
 -0.800010383      0.106518194      0.699576914    
 -0.760010362      0.106315874      0.697388709    
 -0.720010340      0.106775880      0.696053922    
 -0.680010319      0.106985517      0.694916904    
 -0.640010297      0.106479362      0.694011390    
 -0.600010276      0.106857322      0.692868054    
 -0.560010254      0.107663430      0.690454841    
 -0.520010233      0.107474357      0.690106094    
 -0.480010241      0.108047895      0.688537061    
 -0.440010250      0.107811511      0.686776102    
 -0.400010258      0.107870229      0.685951412    
 -0.360010266      0.107709639      0.684815109    
 -0.320010275      0.108147621      0.683945715    
 -0.280010283      0.107836679      0.682673693    
 -0.240010291      0.107858062      0.681606531    
 -0.200010300      0.108560704      0.681105733    
 -0.160010308      0.108899087      0.679356396    
 -0.120010309      0.108187824      0.678551257    
  -8.00103098E-02  0.108286358      0.678626716    
  -4.00103107E-02  0.108438767      0.677074790    
  -1.03116035E-05  0.108256057      0.675781667    
   3.99896875E-02  0.108268686      0.675018489    
   7.99896866E-02  0.108927406      0.673657060    
  0.119989686      0.108691283      0.673365891    
  0.159989685      0.108493261      0.672244012    
  0.199989676      0.108262844      0.671597540    
  0.239989668      0.109604493      0.671014607    
  0.279989660      0.108997099      0.671465755    
  0.319989651      0.109009258      0.671934724    
  0.359989643      0.108924054      0.669945240    
  0.399989635      0.108932219      0.670207381    
  0.439989626      0.109069377      0.669443130    
  0.479989618      0.109898336      0.668846488    
  0.519989610      0.110053994      0.668792427    
  0.559989631      0.109385468      0.667495668    
  0.599989653      0.109586820      0.667856216    
  0.639989674      0.109487750      0.666993141    
  0.679989696      0.109388679      0.666772127    
  0.719989717      0.109152243      0.666637838    
  0.759989738      0.109178051      0.665182889    
  0.799989760      0.110614188      0.665304303    
  0.839989781      0.114931270      0.659086704    
  0.879989803      0.117338568      0.658872843    
  0.919989824      0.119526766      0.659722030    
  0.959989846      0.121244162      0.659908772    
  0.999989867      0.121696122      0.661033154    
   1.03998983      0.123076908      0.661303520    
   1.07998979      0.123817824      0.663368881    
   1.11998975      0.125040114      0.664383531    
   1.15998971      0.124804191      0.667599797    
   1.19998968      0.123081304      0.669575930    
   1.23998964      0.123310149      0.672059298    
   1.27998960      0.122885458      0.674208581    
   1.31998956      0.122570947      0.675761223    
   1.35998952      0.122227967      0.677365422    
   1.39998949      0.122476451      0.679063201    
   1.43998945      0.122369118      0.679739654    
   1.47998941      0.121671788      0.681304455    
   1.51998937      0.121245362      0.683164358    
   1.55998933      0.121789664      0.684748054    
   1.59998930      0.121936545      0.684754491    
   1.63998926      0.122009352      0.685789526    
   1.67998922      0.122137100      0.686732411    
   1.71998918      0.121781439      0.687805653    
   1.75998914      0.121046968      0.689261556    
   1.79998910      0.122257255      0.690647423    
   1.83998907      0.121599086      0.690297782    
   1.87998903      0.121253744      0.692254961    
   1.91998899      0.121723644      0.692358673    
   1.95998895      0.121166922      0.693364441    
   1.99998891      0.122416764      0.693908393    
   2.03998899      0.122969240      0.694479942    
   2.07998896      0.122643150      0.694818735    
   2.11998892      0.122742973      0.694473088    
   2.15998888      0.123022161      0.696110964    
   2.19998884      0.123488106      0.696449757    
   2.23998880      0.123476565      0.697123051    
   2.27998877      0.123203047      0.698552430    
   2.31998873      0.123553842      0.698437750    
   2.35998869      0.123031475      0.699854314    
   2.39998865      0.122980721      0.699613035    
   2.43998861      0.123628497      0.700909913    
   2.47998857      0.124038085      0.702334821    
   2.51998854      0.123785660      0.702814519    
   2.55998850      0.121131286      0.707168162    
   2.59998846      0.116462320      0.711626649    
   2.63998842      0.115392499      0.717148602    
   2.67998838      0.113002665      0.719832301    
   2.71998835      0.111239791      0.722388148    
   2.75998831      0.109545723      0.724994123    
   2.79998827      0.109690428      0.724692404    
   2.83998823      0.109022483      0.726362407    
   2.87998819      0.108102910      0.727684617    
   2.91998816      0.107202321      0.729408562    
   2.95998812      0.107072845      0.730713129    
   2.99998808      0.105594739      0.731332123    
   3.03998804      0.104523532      0.733787954    
   3.07998800      0.103393085      0.735070586    
   3.11998796      0.102024525      0.737587035    
   3.15998793      0.102360040      0.738622308    
   3.19998789      0.101059318      0.740336657    
   3.23998785       9.94901285E-02  0.742571890    
   3.27998781       9.76408422E-02  0.744422495    
   3.31998777       9.72766802E-02  0.745958984    
   3.35998774       9.55523998E-02  0.748839736    
   3.39998770       9.39927325E-02  0.751649737    
   3.43998766       9.26228240E-02  0.752237499    
   3.47998762       9.18825045E-02  0.755492628    
   3.51998758       9.11024734E-02  0.759119868    
   3.55998755       9.06750858E-02  0.761836708    
   3.59998751       8.93268064E-02  0.766950786    
   3.63998747       8.73131156E-02  0.773669422    
   3.67998743       8.69141594E-02  0.776778877    
   3.71998739       8.68174583E-02  0.778535664    
   3.75998735       8.77809897E-02  0.779839098    
   3.79998732       8.73829052E-02  0.779827654    
   3.83998728       8.74524936E-02  0.782989740    
   3.87998724       8.79782885E-02  0.783958912    
   3.91998720       8.81599784E-02  0.784605443    
   3.95998716       8.81069005E-02  0.785176575    
   3.99998713       8.86312798E-02  0.787316084    
   4.03998709       8.87535736E-02  0.789920807    
   4.07998705       8.83815214E-02  0.791041374    
   4.11998701       8.84464607E-02  0.791404426    
   4.15998697       8.89337137E-02  0.794566095    
   4.19998693       8.85749310E-02  0.796306551    
   4.23998690       8.89269561E-02  0.797159553    
   4.27998686       8.89505073E-02  0.799397230    
   4.31998682       8.91990960E-02  0.801369131    
   4.35998678       8.95501077E-02  0.802849472    
   4.39998674       8.96269158E-02  0.803933144    
   4.43998671       8.95369202E-02  0.807877541    
   4.47998667       8.99479017E-02  0.809250236    
   4.51998663       8.95679370E-02  0.811555684    
   4.55998659       8.93760026E-02  0.813956857    
   4.59998655       8.97359326E-02  0.816170990    
   4.63998652       8.95952135E-02  0.817885935    
   4.67998648       8.95362943E-02  0.820403397    
   4.71998644       8.98681954E-02  0.821223795    
   4.75998640       9.03329924E-02  0.819568574    
   4.79998636       9.11126137E-02  0.821141660    
   4.83998632       9.17282030E-02  0.820996702    
   4.87998629       9.17311907E-02  0.821978927    
   4.91998625       9.23276916E-02  0.821737647    
   4.95998621       9.26221907E-02  0.823324800    
   4.99998617       9.25186574E-02  0.823541820    
   5.03998613       9.39013213E-02  0.824744403    
   5.07998610       9.39133614E-02  0.824564815    
   5.11998606       9.43025649E-02  0.824400902    
   5.15998602       9.44430009E-02  0.825561941    
   5.19998598       9.48893502E-02  0.826027572    
   5.23998594       9.55872759E-02  0.826704741    
   5.27998590       9.59083214E-02  0.827735066    
   5.31998587       9.65731740E-02  0.827647567    
   5.35998583       9.64762866E-02  0.828078866    
   5.39998579       9.64655280E-02  0.829865158    
   5.43998575       9.57620144E-02  0.832092166    
   5.47998571       9.41452160E-02  0.835002184    
   5.51998568       9.35055166E-02  0.837491930    
   5.55998564       9.33188647E-02  0.838880718    
   5.59998560       9.33513716E-02  0.840916872    
   5.63998556       9.25457105E-02  0.843097270    
   5.67998552       9.20841992E-02  0.846755028    
   5.71998549       9.18496102E-02  0.848138273    
   5.75998545       9.15507376E-02  0.850496590    
   5.79998541       8.51100534E-02  0.842631042    
   5.83998537       7.22109452E-02  0.823126197    
   5.87998533       5.54464199E-02  0.786062479    
   5.91998529       4.15622443E-02  0.741161942    
   5.95998526       3.53321657E-02  0.717672825    
   5.99998522       3.11667193E-02  0.702056885    
   6.03998518       2.72737481E-02  0.685770690    
   6.07998514       2.39275936E-02  0.670489073    
   6.11998510       2.11281572E-02  0.656719625    
   6.15998507       1.86988525E-02  0.647997737    
   6.19998503       1.61083266E-02  0.644137025    
   6.23998499       1.42884040E-02  0.638419569    
   6.27998495       1.27266049E-02  0.635564685    
   6.31998491       1.12362038E-02  0.636162102    
   6.35998487       9.71733220E-03  0.641149282    
   6.39998484       8.37414246E-03  0.647766411    
   6.43998480       7.06291478E-03  0.664387226    
   6.47998476       5.86711569E-03  0.683504522    
   6.51998472       4.74398118E-03  0.713660002    
   6.55998468       3.88998794E-03  0.750581682    
   6.59998465       3.21153272E-03  0.794482708    
   6.63998461       2.63659237E-03  0.849124610    
   6.67998457       2.05947785E-03  0.939033270    
   6.71998453       1.94877596E-03  0.949270546    
   6.75998449       1.93045253E-03  0.949199319    
   6.79998446       1.89579767E-03  0.949239969    
   6.83998442       1.78814097E-03  0.966621161    
   6.87998438       1.69216108E-03  0.974621296    
   6.91998434       1.67249527E-03  0.978777945    
   6.95998430       1.64115813E-03  0.982526600    
   6.99998426       1.55490183E-03  0.985373020    
   7.03998423       1.51472713E-03  0.986929715    
   7.07998419       1.47269201E-03  0.988881767    
   7.11998415       1.41186034E-03  0.990037918    
   7.15998411       1.36512262E-03  0.991340697    
   7.19998407       1.33471424E-03  0.992129266    
   7.23998404       1.29624014E-03  0.992981017    
   7.27998400       1.26437389E-03  0.993755639    
   7.31998396       1.23404071E-03  0.994343281    
   7.35998392       1.18774199E-03  0.994859993    
   7.39998388       1.16844638E-03  0.995143771    
   7.43998384       1.12827483E-03  0.995653868    
   7.47998381       1.08713657E-03  0.996061921    
   7.51998377       1.07031141E-03  0.996260226    
   7.55998373       1.04543020E-03  0.996498048    
   7.59998369       1.02065143E-03  0.996820152    
   7.63998365       1.01644453E-03  0.997068822    
   7.67998362       9.88988206E-04  0.997281253    
   7.71998358       9.59620695E-04  0.997486889    
   7.75998354       9.35105665E-04  0.997614741    
   7.79998350       9.06732865E-04  0.997810900    
   7.83998346       8.86747555E-04  0.997981787    
   7.87998343       8.66840943E-04  0.998080552    
   7.91998339       8.34931736E-04  0.998184383    
   7.95998335       8.27799377E-04  0.998329818    
   7.99998331       8.11149075E-04  0.998396695    
   8.03998375       7.94650172E-04  0.998517990    
   8.07998371       7.75503344E-04  0.998562694    
   8.11998367       7.64791446E-04  0.998690963    
   8.15998363       7.46178965E-04  0.998766243    
   8.19998360       7.26143247E-04  0.998822987    
   8.23998356       7.11602275E-04  0.998886108    
   8.27998352       6.82930055E-04  0.998955786    
   8.31998348       6.73467177E-04  0.999017060    
   8.35998344       6.59049139E-04  0.999058545    
   8.39998341       6.61751663E-04  0.999092281    
   8.43998337       6.45110907E-04  0.999162793    
   8.47998333       6.24613196E-04  0.999203324    
   8.51998329       6.14117191E-04  0.999221742    
   8.55998325       6.03814260E-04  0.999250889    
   8.59998322       5.81525965E-04  0.999293506    
   8.63998318       5.76032791E-04  0.999324977    
   8.67998314       5.66799950E-04  0.999366343    
   8.71998310       5.59367531E-04  0.999403238    
   8.75998306       5.45013754E-04  0.999417186    
   8.79998302       5.35390631E-04  0.999451637    
   8.83998299       5.17100212E-04  0.999465287    
   8.87998295       5.10851038E-04  0.999489307    
   8.91998291       5.05685457E-04  0.999512553    
   8.95998287       4.95780783E-04  0.999530733    
   8.99998283       4.82227420E-04  0.999552965    
   9.03998280       4.68854938E-04  0.999567986    
   9.07998276       4.71904117E-04  0.999590814    
   9.11998272       4.58118506E-04  0.999603093    
   9.15998268       4.52456676E-04  0.999619365    
   9.19998264       4.42620018E-04  0.999636114    
   9.23998260       4.30060842E-04  0.999644995    
   9.27998257       4.19525080E-04  0.999661803    
   9.31998253       4.21693461E-04  0.999679863    
   9.35998249       4.09149303E-04  0.999687076    
   9.39998245       4.03370126E-04  0.999704719    
   9.43998241       3.94472823E-04  0.999711394    
   9.47998238       3.95762676E-04  0.999718785    
   9.51998234       3.80377372E-04  0.999733150    
   9.55998230       3.84605897E-04  0.999743938    
   9.59998226       3.69465124E-04  0.999758184    
   9.63998222       3.65719374E-04  0.999750078    
   9.67998219       3.62579536E-04  0.999928594    
   9.71998215       3.50750808E-04   1.00058985    
   9.75998211       3.43881926E-04   1.00119913    
   9.79998207       3.39517312E-04   1.00193691    
   9.83998203       3.35721503E-04   1.00290942    
   9.87998199       3.30301526E-04   1.00332320    
   9.91998196       3.22789652E-04   1.00456274    
   9.95998192       3.17604194E-04   1.00544703    
   9.99998188       3.12447053E-04   1.00616825    
   10.0399818       3.09013267E-04   1.00751770    
   10.0799818       3.04790767E-04   1.00846422    
   10.1199818       3.05054069E-04   1.00958788    
   10.1599817       2.99424515E-04   1.01077783    
   10.1999817       2.90922646E-04   1.01191199    
   10.2399817       2.89699296E-04   1.01363122    
   10.2799816       2.80086417E-04   1.01454580    
   10.3199816       2.81874498E-04   1.01547229    
   10.3599815       2.79096479E-04   1.01755428    
   10.3999815       2.68523116E-04   1.01975703    
   10.4399815       2.67183699E-04   1.02068233    
   10.4799814       2.65209412E-04   1.02229011    
   10.5199814       2.62759539E-04   1.02505898    
   10.5599813       2.54992192E-04   1.02684867    
   10.5999813       2.54310929E-04   1.02876306    
   10.6399813       2.52520520E-04   1.03008401    
   10.6799812       2.50510726E-04   1.03256893    
   10.7199812       2.43274379E-04   1.03557253    
   10.7599812       2.41278743E-04   1.03726387    
   10.7999811       2.36687265E-04   1.03984308    
   10.8399811       2.38774650E-04   1.04250121    
   10.8799810       2.34876032E-04   1.04406691    
   10.9199810       2.25931843E-04   1.04998982    
   10.9599810       2.26215285E-04   1.05134201    
   10.9999809       2.25867014E-04   1.05473423    
   11.0399809       2.21548587E-04   1.05784798    
   11.0799809       2.22623436E-04   1.06035662    
   11.1199808       2.16320201E-04   1.06796980    
   11.1599808       2.17385226E-04   1.06824815    
   11.1999807       2.12104133E-04   1.07266963    
   11.2399807       2.13821055E-04   1.07835710    
   11.2799807       2.12593528E-04   1.07995188    
   11.3199806       2.06844154E-04   1.08546329    
   11.3599806       2.03883043E-04   1.09097457    
   11.3999805       2.04731536E-04   1.09620178    
   11.4399805       2.01120361E-04   1.10065985    
   11.4799805       2.01359100E-04   1.10574651    
   11.5199804       1.97687958E-04   1.11069024    
   11.5599804       1.96519250E-04   1.11400878    
   11.5999804       1.95766901E-04   1.12440526    
   11.6399803       1.94470646E-04   1.12798166    
   11.6799803       1.95092100E-04   1.13266075    
   11.7199802       1.91622312E-04   1.14484036    
   11.7599802       1.92276784E-04   1.15007985    
   11.7999802       1.90054765E-04   1.15489233    
   11.8399801       1.89631814E-04   1.16805112    
   11.8799801       1.91752522E-04   1.16944993    
   11.9199800       1.90685212E-04   1.17949259    
   11.9599800       1.90632258E-04   1.19132471    
