 # 2site DOS and GIPR created by main.f90 with subroutines in routines.f90
 #
# parameters: U =  8.00  t = -1.00  W = 12.00
# nbins = 600     ensemble size =    10000000
 #
 #  Frequency           DOS            GIPR
 #
 # Filling:  0.427836657    
 # Filling Error:   3.18004051E-03
  -12.0000000       4.17448930E-04   1.10080492    
  -11.9600000       4.28119733E-04   1.11315024    
  -11.9200001       4.48800856E-04   1.11560655    
  -11.8800001       4.72077954E-04   1.11228156    
  -11.8400002       5.07821620E-04   1.10489106    
  -11.8000002       5.26948832E-04   1.10485947    
  -11.7600002       5.42170077E-04   1.10241818    
  -11.7200003       5.90006413E-04   1.09372091    
  -11.6800003       5.98633720E-04   1.11082113    
  -11.6400003       6.24419714E-04   1.09756112    
  -11.6000004       6.63264305E-04   1.09364879    
  -11.5600004       6.87803025E-04   1.08522332    
  -11.5200005       7.47355167E-04   1.07304633    
  -11.4800005       7.70768558E-04   1.07923698    
  -11.4400005       7.94842257E-04   1.07108557    
  -11.4000006       8.49850883E-04   1.07356060    
  -11.3600006       8.79808271E-04   1.06821561    
  -11.3200006       9.30760812E-04   1.05868053    
  -11.2800007       9.65007814E-04   1.04410636    
  -11.2400007       1.02772063E-03   1.06248295    
  -11.2000008       1.08131650E-03   1.05800152    
  -11.1600008       1.14198728E-03   1.04831636    
  -11.1200008       1.18832011E-03   1.04537058    
  -11.0800009       1.23710965E-03   1.04485285    
  -11.0400009       1.33215066E-03   1.04081559    
  -11.0000010       1.37872947E-03   1.04188073    
  -10.9600010       1.47710124E-03   1.04056168    
  -10.9200010       1.57021370E-03   1.03162432    
  -10.8800011       1.62005622E-03   1.03868222    
  -10.8400011       1.72873575E-03   1.03523707    
  -10.8000011       1.81773747E-03   1.02873087    
  -10.7600012       1.92803110E-03   1.03190398    
  -10.7200012       2.02826643E-03   1.02787662    
  -10.6800013       2.16485583E-03   1.02866423    
  -10.6400013       2.29561981E-03   1.02590704    
  -10.6000013       2.45764060E-03   1.02126527    
  -10.5600014       2.60496140E-03   1.01775289    
  -10.5200014       2.79882876E-03   1.01471663    
  -10.4800014       3.01973941E-03   1.00416481    
  -10.4400015       3.34306248E-03  0.982746243    
  -10.4000015       3.41184041E-03  0.984319627    
  -10.3600016       3.64265800E-03  0.983533144    
  -10.3200016       3.76925967E-03  0.984676063    
  -10.2800016       3.94903077E-03  0.985853970    
  -10.2400017       3.91462073E-03  0.983858645    
  -10.2000017       4.03263513E-03  0.984297097    
  -10.1600018       4.10116278E-03  0.986739039    
  -10.1200018       4.18927288E-03  0.987981200    
  -10.0800018       4.30745492E-03  0.991760552    
  -10.0400019       4.47961641E-03  0.991220236    
  -10.0000019       4.52345563E-03  0.987677395    
  -9.96000195       4.79603047E-03  0.980370045    
  -9.92000198       4.97216778E-03  0.977916777    
  -9.88000202       5.13622118E-03  0.975897133    
  -9.84000206       5.35155321E-03  0.972559869    
  -9.80000210       5.56712179E-03  0.967319608    
  -9.76000214       5.77086350E-03  0.963784575    
  -9.72000217       5.93030546E-03  0.964406669    
  -9.68000221       6.26913458E-03  0.963052869    
  -9.64000225       6.49388181E-03  0.960580945    
  -9.60000229       6.67882524E-03  0.960048199    
  -9.56000233       6.96732337E-03  0.958986402    
  -9.52000237       7.32635334E-03  0.959520459    
  -9.48000240       7.64740910E-03  0.960036993    
  -9.44000244       7.91982096E-03  0.960811019    
  -9.40000248       8.40341300E-03  0.960850656    
  -9.36000252       8.72666761E-03  0.959790111    
  -9.32000256       9.13498364E-03  0.961077809    
  -9.28000259       9.78688989E-03  0.960170031    
  -9.24000263       1.02131628E-02  0.962514699    
  -9.20000267       1.09562548E-02  0.963373780    
  -9.16000271       1.15205906E-02  0.963269413    
  -9.12000275       1.23271300E-02  0.963082612    
  -9.08000278       1.34843001E-02  0.962235808    
  -9.04000282       1.44228693E-02  0.961509824    
  -9.00000286       1.60999838E-02  0.954083741    
  -8.96000290       1.89025812E-02  0.915012419    
  -8.92000294       1.92530658E-02  0.905081868    
  -8.88000298       1.95432678E-02  0.905077934    
  -8.84000301       1.95845086E-02  0.904258251    
  -8.80000305       1.96020957E-02  0.903761983    
  -8.76000309       1.96048561E-02  0.904072225    
  -8.72000313       1.95682645E-02  0.902944982    
  -8.68000317       1.97310112E-02  0.901399612    
  -8.64000320       1.96701437E-02  0.902706325    
  -8.60000324       1.97876114E-02  0.902027965    
  -8.56000328       1.97346304E-02  0.901134133    
  -8.52000332       1.98694002E-02  0.900807679    
  -8.48000336       1.97336059E-02  0.902942359    
  -8.44000340       1.95728224E-02  0.905825555    
  -8.40000343       1.95229258E-02  0.907692969    
  -8.36000347       1.92665961E-02  0.907789409    
  -8.32000351       1.95220392E-02  0.909404099    
  -8.28000355       1.94384754E-02  0.909153104    
  -8.24000359       1.93522573E-02  0.910108268    
  -8.20000362       1.91784110E-02  0.910444438    
  -8.16000366       1.91169381E-02  0.909716845    
  -8.12000370       1.91150960E-02  0.910539329    
  -8.08000374       1.88952740E-02  0.909810364    
  -8.04000378       1.90235395E-02  0.909467995    
  -8.00000381       1.91325266E-02  0.909354866    
  -7.96000385       1.89458076E-02  0.909741759    
  -7.92000389       1.88414566E-02  0.909603417    
  -7.88000393       1.86888557E-02  0.910236239    
  -7.84000397       1.86491553E-02  0.908907950    
  -7.80000401       1.87077187E-02  0.910080492    
  -7.76000404       1.86345428E-02  0.909344733    
  -7.72000408       1.85519755E-02  0.908198595    
  -7.68000412       1.85189229E-02  0.909077048    
  -7.64000416       1.85208730E-02  0.908394754    
  -7.60000420       1.84029080E-02  0.908580303    
  -7.56000423       1.83281340E-02  0.908605039    
  -7.52000427       1.86596885E-02  0.909513295    
  -7.48000431       1.91324577E-02  0.910930693    
  -7.44000435       1.94579791E-02  0.911963582    
  -7.40000439       1.99200772E-02  0.914795697    
  -7.36000443       2.05258168E-02  0.914890826    
  -7.32000446       2.07741316E-02  0.916591942    
  -7.28000450       2.08741650E-02  0.917072773    
  -7.24000454       2.11133398E-02  0.916701078    
  -7.20000458       2.12674756E-02  0.917628467    
  -7.16000462       2.14105286E-02  0.917781234    
  -7.12000465       2.17479840E-02  0.919400990    
  -7.08000469       2.19521765E-02  0.918521464    
  -7.04000473       2.19974592E-02  0.919227958    
  -7.00000477       2.22992320E-02  0.918205619    
  -6.96000481       2.29659062E-02  0.907069027    
  -6.92000484       2.44738627E-02  0.882561386    
  -6.88000488       2.53851563E-02  0.869919062    
  -6.84000492       2.62523312E-02  0.861884832    
  -6.80000496       2.67648697E-02  0.854717791    
  -6.76000500       2.75087263E-02  0.848061800    
  -6.72000504       2.80810967E-02  0.842541575    
  -6.68000507       2.83801928E-02  0.839490175    
  -6.64000511       2.87385602E-02  0.833686292    
  -6.60000515       2.91065667E-02  0.830360949    
  -6.56000519       2.97657885E-02  0.824102104    
  -6.52000523       2.99438257E-02  0.821802199    
  -6.48000526       3.05117760E-02  0.819503903    
  -6.44000530       3.06074489E-02  0.816371679    
  -6.40000534       3.09789814E-02  0.812261760    
  -6.36000538       3.12766023E-02  0.810098648    
  -6.32000542       3.16031463E-02  0.806885362    
  -6.28000546       3.20221260E-02  0.803533554    
  -6.24000549       3.20929214E-02  0.802187085    
  -6.20000553       3.23867202E-02  0.799462378    
  -6.16000557       3.26515548E-02  0.796506464    
  -6.12000561       3.27355079E-02  0.796243310    
  -6.08000565       3.31055969E-02  0.791432321    
  -6.04000568       3.33893783E-02  0.791129708    
  -6.00000572       3.34679335E-02  0.788993835    
  -5.96000576       3.38620953E-02  0.786209941    
  -5.92000580       3.42123732E-02  0.784089863    
  -5.88000584       3.41044664E-02  0.785296798    
  -5.84000587       3.45517471E-02  0.780076087    
  -5.80000591       3.46817784E-02  0.778930187    
  -5.76000595       3.48181538E-02  0.777892590    
  -5.72000599       3.50774340E-02  0.773975194    
  -5.68000603       3.51219475E-02  0.773850262    
  -5.64000607       3.55463885E-02  0.771278441    
  -5.60000610       3.54212672E-02  0.770688415    
  -5.56000614       3.57308872E-02  0.766990840    
  -5.52000618       3.57568003E-02  0.765745223    
  -5.48000622       3.61654870E-02  0.762420714    
  -5.44000626       3.65915149E-02  0.762948275    
  -5.40000629       3.64699811E-02  0.759542704    
  -5.36000633       3.68376523E-02  0.758648217    
  -5.32000637       3.70346978E-02  0.757817626    
  -5.28000641       3.73044722E-02  0.755143940    
  -5.24000645       3.74342948E-02  0.752312422    
  -5.20000648       3.75390761E-02  0.753290415    
  -5.16000652       3.71166654E-02  0.751042008    
  -5.12000656       3.76084410E-02  0.748392522    
  -5.08000660       3.78001928E-02  0.747027874    
  -5.04000664       3.79447937E-02  0.745751500    
  -5.00000668       3.85364220E-02  0.741681039    
  -4.96000671       3.83767001E-02  0.741747797    
  -4.92000675       3.86387780E-02  0.738250017    
  -4.88000679       3.87394987E-02  0.737603664    
  -4.84000683       3.86770405E-02  0.735986352    
  -4.80000687       3.90007682E-02  0.733793020    
  -4.76000690       3.91851105E-02  0.732487023    
  -4.72000694       3.92853282E-02  0.730410874    
  -4.68000698       3.92182171E-02  0.728352427    
  -4.64000702       3.96279730E-02  0.727509439    
  -4.60000706       3.98201458E-02  0.725541532    
  -4.56000710       3.98861952E-02  0.724066973    
  -4.52000713       4.01840508E-02  0.721608102    
  -4.48000717       4.01720107E-02  0.720479369    
  -4.44000721       4.05085981E-02  0.718960762    
  -4.40000725       4.07028794E-02  0.716516256    
  -4.36000729       4.06959988E-02  0.714290082    
  -4.32000732       4.08874676E-02  0.713464200    
  -4.28000736       4.09984961E-02  0.710049629    
  -4.24000740       4.11516912E-02  0.707700074    
  -4.20000744       4.12138030E-02  0.707618117    
  -4.16000748       4.12864089E-02  0.705322802    
  -4.12000751       4.12867963E-02  0.704793274    
  -4.08000755       4.17844765E-02  0.700266004    
  -4.04000759       4.18312028E-02  0.698774517    
  -4.00000763       4.21144702E-02  0.698704123    
  -3.96000767       4.20992561E-02  0.697293937    
  -3.92000771       4.25325818E-02  0.694270492    
  -3.88000774       4.25333790E-02  0.692262590    
  -3.84000778       4.27829102E-02  0.690404832    
  -3.80000782       4.28413190E-02  0.687194169    
  -3.76000786       4.32551391E-02  0.686551869    
  -3.72000790       4.33498546E-02  0.683534622    
  -3.68000793       4.34851050E-02  0.682598054    
  -3.64000797       4.34668437E-02  0.679621398    
  -3.60000801       4.35214639E-02  0.677598715    
  -3.56000805       4.38649170E-02  0.675084829    
  -3.52000809       4.43040319E-02  0.674017310    
  -3.48000813       4.45164405E-02  0.671244442    
  -3.44000816       4.42458838E-02  0.669346869    
  -3.40000820       4.46201004E-02  0.666054308    
  -3.36000824       4.46028411E-02  0.665447354    
  -3.32000828       4.48321886E-02  0.662773073    
  -3.28000832       4.54191417E-02  0.659740508    
  -3.24000835       4.52775210E-02  0.658420980    
  -3.20000839       4.56759073E-02  0.656142235    
  -3.16000843       4.56669740E-02  0.653304994    
  -3.12000847       4.58015017E-02  0.650657117    
  -3.08000851       4.63857278E-02  0.648574173    
  -3.04000854       4.68799435E-02  0.645373523    
  -3.00000858       4.67959903E-02  0.643706143    
  -2.96000862       4.71339822E-02  0.640976012    
  -2.92000866       4.75725196E-02  0.638147056    
  -2.88000870       4.81720679E-02  0.636084855    
  -2.84000874       4.86853532E-02  0.633338630    
  -2.80000877       4.92333136E-02  0.632144809    
  -2.76000881       4.92150448E-02  0.630427003    
  -2.72000885       4.97443713E-02  0.628485262    
  -2.68000889       4.98334318E-02  0.628389120    
  -2.64000893       4.98883799E-02  0.625549972    
  -2.60000896       5.05485348E-02  0.623148441    
  -2.56000900       5.05960099E-02  0.622142792    
  -2.52000904       5.03103845E-02  0.620894849    
  -2.48000908       5.10784499E-02  0.619307935    
  -2.44000912       5.13769649E-02  0.618358314    
  -2.40000916       5.17792590E-02  0.617395699    
  -2.36000919       5.22417501E-02  0.615484238    
  -2.32000923       5.26114777E-02  0.614759922    
  -2.28000927       5.29422015E-02  0.613158822    
  -2.24000931       5.33027872E-02  0.613591075    
  -2.20000935       5.38091063E-02  0.611937821    
  -2.16000938       5.36247045E-02  0.611691952    
  -2.12000942       5.42388894E-02  0.610572696    
  -2.08000946       5.49355820E-02  0.609649718    
  -2.04000950       5.52969649E-02  0.611353099    
  -2.00000954       5.53099401E-02  0.612182975    
  -1.96000957       5.66664524E-02  0.610300601    
  -1.92000961       5.82086630E-02  0.610683322    
  -1.88000965       5.94934300E-02  0.610649705    
  -1.84000969       6.13508224E-02  0.610200763    
  -1.80000973       6.23822883E-02  0.610266209    
  -1.76000977       6.39528856E-02  0.611967504    
  -1.72000980       6.65323734E-02  0.612010300    
  -1.68000984       6.79906383E-02  0.613235056    
  -1.64000988       7.07808807E-02  0.616056442    
  -1.60000992       7.29101449E-02  0.618768275    
  -1.56000996       7.63314888E-02  0.621028721    
  -1.52000999       7.96151832E-02  0.626075447    
  -1.48001003       8.29980001E-02  0.631063640    
  -1.44001007       8.64420086E-02  0.639654815    
  -1.40001011       9.07931402E-02  0.647084177    
  -1.36001015       9.31931511E-02  0.650349855    
  -1.32001019       9.59132537E-02  0.652923644    
  -1.28001022       9.77254733E-02  0.658336520    
  -1.24001026      0.102146842      0.664974272    
  -1.20001030      0.107746460      0.677716196    
  -1.16001034      0.114248857      0.694146514    
  -1.12001038      0.115594037      0.695500553    
  -1.08001041      0.114257134      0.693130732    
  -1.04001045      0.114399485      0.690197587    
  -1.00001049      0.114099704      0.686720133    
 -0.960010469      0.112151451      0.683045328    
 -0.920010448      0.112278543      0.680350542    
 -0.880010426      0.110658355      0.676233649    
 -0.840010405      0.109786406      0.670899868    
 -0.800010383      0.108373120      0.667942882    
 -0.760010362      0.107992701      0.661674201    
 -0.720010340      0.106211498      0.656284213    
 -0.680010319      0.104710326      0.649712443    
 -0.640010297      0.103118934      0.643443346    
 -0.600010276      0.100285470      0.634669006    
 -0.560010254       9.67533216E-02  0.624783576    
 -0.520010233       9.17479098E-02  0.611816764    
 -0.480010241       8.13970566E-02  0.608988822    
 -0.440010250       8.14694166E-02  0.608581960    
 -0.400010258       8.14061388E-02  0.606129706    
 -0.360010266       8.06662217E-02  0.603823304    
 -0.320010275       8.11581612E-02  0.602231443    
 -0.280010283       8.11869428E-02  0.600174010    
 -0.240010291       8.04477334E-02  0.597781539    
 -0.200010300       8.06880519E-02  0.597075045    
 -0.160010308       8.10308531E-02  0.594984293    
 -0.120010309       8.05453360E-02  0.592780113    
  -8.00103098E-02   8.09494853E-02  0.591447473    
  -4.00103107E-02   8.05942342E-02  0.589573681    
  -1.03116035E-05   7.95010179E-02  0.584683895    
   3.99896875E-02   8.04579109E-02  0.582673371    
   7.99896866E-02   8.06599855E-02  0.580987155    
  0.119989686       8.07408392E-02  0.578944743    
  0.159989685       8.08335096E-02  0.576738715    
  0.199989676       8.18089321E-02  0.575444758    
  0.239989668       8.15268606E-02  0.573064506    
  0.279989660       8.15834552E-02  0.572232008    
  0.319989651       8.22977051E-02  0.570399821    
  0.359989643       8.22732151E-02  0.569310129    
  0.399989635       8.23761448E-02  0.567984343    
  0.439989626       8.33397806E-02  0.566575885    
  0.479989618       9.37111750E-02  0.571229517    
  0.519989610       9.91809890E-02  0.583607256    
  0.559989631      0.102879100      0.592918634    
  0.599989653      0.105760962      0.600686669    
  0.639989674      0.108795211      0.606491506    
  0.679989696      0.110033587      0.611342311    
  0.719989717      0.111469805      0.615333319    
  0.759989738      0.113174878      0.618840456    
  0.799989760      0.114580266      0.621411860    
  0.839989781      0.115784355      0.625264943    
  0.879989803      0.116105251      0.627882779    
  0.919989824      0.117812842      0.630032837    
  0.959989846      0.119036064      0.632045984    
  0.999989867      0.118803553      0.633562744    
   1.03998983      0.119846784      0.636257648    
   1.07998979      0.120568208      0.638582945    
   1.11998975      0.120992929      0.640672386    
   1.15998971      0.121803328      0.642107487    
   1.19998968      0.123478629      0.644163489    
   1.23998964      0.122200429      0.646673381    
   1.27998960      0.123558253      0.647988617    
   1.31998956      0.123980053      0.649461627    
   1.35998952      0.124085233      0.651806295    
   1.39998949      0.124276631      0.653542995    
   1.43998945      0.124663435      0.655928373    
   1.47998941      0.124854803      0.656536520    
   1.51998937      0.124548949      0.661232531    
   1.55998933      0.122967601      0.664494097    
   1.59998930      0.122441508      0.666778743    
   1.63998926      0.121716596      0.670461595    
   1.67998922      0.121782511      0.673490703    
   1.71998918      0.120641924      0.676381230    
   1.75998914      0.120273367      0.679072797    
   1.79998910      0.120242126      0.682135642    
   1.83998907      0.119234987      0.685216367    
   1.87998903      0.119555950      0.687191427    
   1.91998899      0.118982315      0.689947486    
   1.95998895      0.118345976      0.692767620    
   1.99998891      0.119425356      0.693022192    
   2.03998899      0.120285898      0.694505036    
   2.07998896      0.120808981      0.696498454    
   2.11998892      0.120957352      0.696848571    
   2.15998888      0.121971734      0.699079573    
   2.19998884      0.122397631      0.701249301    
   2.23998880      0.121564351      0.703242242    
   2.27998877      0.123133652      0.704398692    
   2.31998873      0.122345604      0.706753314    
   2.35998869      0.123348415      0.708030105    
   2.39998865      0.123422690      0.710197508    
   2.43998861      0.123646937      0.712756634    
   2.47998857      0.123867631      0.714656353    
   2.51998854      0.124026433      0.717383385    
   2.55998850      0.123429999      0.719410598    
   2.59998846      0.124216862      0.720915437    
   2.63998842      0.123862445      0.722832799    
   2.67998838      0.122687384      0.726835668    
   2.71998835      0.118375920      0.735299170    
   2.75998831      0.115686715      0.740221620    
   2.79998827      0.115101464      0.741997600    
   2.83998823      0.115414746      0.742780149    
   2.87998819      0.115930945      0.744500220    
   2.91998816      0.115240656      0.745918155    
   2.95998812      0.115878291      0.747153401    
   2.99998808      0.116639517      0.748350143    
   3.03998804      0.116890065      0.748900712    
   3.07998800      0.112272047      0.743634760    
   3.11998796       9.96701792E-02  0.712690592    
   3.15998793       9.05277729E-02  0.691372633    
   3.19998789       8.48121196E-02  0.677773356    
   3.23998785       8.15406442E-02  0.668871105    
   3.27998781       7.83058554E-02  0.662567675    
   3.31998777       7.63267726E-02  0.658137560    
   3.35998774       7.26398602E-02  0.653782785    
   3.39998770       6.77552298E-02  0.641161442    
   3.43998766       6.35927990E-02  0.630014658    
   3.47998762       5.97450882E-02  0.620859921    
   3.51998758       5.61397783E-02  0.612782419    
   3.55998755       5.35086207E-02  0.607640803    
   3.59998751       5.25294542E-02  0.609452426    
   3.63998747       5.13493866E-02  0.612231851    
   3.67998743       5.04549071E-02  0.614120007    
   3.71998739       4.92234491E-02  0.616435647    
   3.75998735       4.78470661E-02  0.621244550    
   3.79998732       4.64827716E-02  0.625042200    
   3.83998728       4.57422137E-02  0.628802598    
   3.87998724       4.49327715E-02  0.632718146    
   3.91998720       4.39858325E-02  0.636880219    
   3.95998716       4.34204489E-02  0.641292453    
   3.99998713       4.28335443E-02  0.645449102    
   4.03998709       4.24752124E-02  0.648554265    
   4.07998705       4.21011299E-02  0.651325345    
   4.11998701       4.17350456E-02  0.654333711    
   4.15998697       4.19442058E-02  0.656028390    
   4.19998693       4.14008312E-02  0.659503698    
   4.23998690       4.13106419E-02  0.662790835    
   4.27998686       4.11438607E-02  0.665989935    
   4.31998682       4.06566933E-02  0.668981969    
   4.35998678       4.03984003E-02  0.671675742    
   4.39998674       4.03398834E-02  0.674177706    
   4.43998671       4.03245501E-02  0.675702274    
   4.47998667       3.99662703E-02  0.679202139    
   4.51998663       4.00027223E-02  0.681339025    
   4.55998659       3.98664810E-02  0.684248626    
   4.59998655       3.95718925E-02  0.687114298    
   4.63998652       3.92752327E-02  0.687983274    
   4.67998648       3.89860198E-02  0.692245424    
   4.71998644       3.89721431E-02  0.693060279    
   4.75998640       3.87252606E-02  0.695700526    
   4.79998636       3.85499671E-02  0.698815644    
   4.83998632       3.84725519E-02  0.700681448    
   4.87998629       3.81904505E-02  0.703175128    
   4.91998625       3.77172232E-02  0.706935585    
   4.95998621       3.79371308E-02  0.708564997    
   4.99998617       3.76940817E-02  0.709385812    
   5.03998613       3.74041200E-02  0.713303268    
   5.07998610       3.72672565E-02  0.714020252    
   5.11998606       3.73830162E-02  0.716229737    
   5.15998602       3.70475203E-02  0.719831288    
   5.19998598       3.68430838E-02  0.721347809    
   5.23998594       3.66425738E-02  0.724713326    
   5.27998590       3.63813117E-02  0.725312889    
   5.31998587       3.62494066E-02  0.728689015    
   5.35998583       3.58874574E-02  0.731705844    
   5.39998579       3.59231830E-02  0.733335853    
   5.43998575       3.54809798E-02  0.736000299    
   5.47998571       3.53888795E-02  0.737206101    
   5.51998568       3.51387076E-02  0.739874423    
   5.55998564       3.50386500E-02  0.741446853    
   5.59998560       3.48453149E-02  0.744174182    
   5.63998556       3.44655961E-02  0.745532274    
   5.67998552       3.42087410E-02  0.747875452    
   5.71998549       3.43592130E-02  0.750363529    
   5.75998545       3.40070315E-02  0.753167212    
   5.79998541       3.34939621E-02  0.755524397    
   5.83998537       3.33850421E-02  0.757804692    
   5.87998533       3.30278203E-02  0.759164274    
   5.91998529       3.32960449E-02  0.760552585    
   5.95998526       3.28085683E-02  0.763816833    
   5.99998522       3.24795321E-02  0.765603364    
   6.03998518       3.22771482E-02  0.767513692    
   6.07998514       3.19095477E-02  0.770935893    
   6.11998510       3.18249948E-02  0.773963630    
   6.15998507       3.13029662E-02  0.774793923    
   6.19998503       3.11924201E-02  0.779855013    
   6.23998499       3.09991110E-02  0.781266212    
   6.27998495       3.06451228E-02  0.783477128    
   6.31998491       3.02586835E-02  0.786833584    
   6.35998487       2.99877152E-02  0.790978312    
   6.39998484       2.97095459E-02  0.794947982    
   6.43998480       2.96839401E-02  0.797005415    
   6.47998476       2.94428878E-02  0.801888287    
   6.51998472       2.92651020E-02  0.806212962    
   6.55998468       2.89168656E-02  0.810525298    
   6.59998465       2.84191873E-02  0.815890610    
   6.63998461       2.82166973E-02  0.819237530    
   6.67998457       2.79614162E-02  0.823219299    
   6.71998453       2.73133218E-02  0.830409348    
   6.75998449       2.69059185E-02  0.836050630    
   6.79998446       2.64577717E-02  0.844050407    
   6.83998442       2.56253760E-02  0.853362679    
   6.87998438       2.52067372E-02  0.866771579    
   6.91998434       2.36926731E-02  0.890238464    
   6.95998430       2.30624825E-02  0.903571725    
   6.99998426       2.29600407E-02  0.902391970    
   7.03998423       2.32091956E-02  0.903180063    
   7.07998419       2.31897421E-02  0.903921485    
   7.11998415       2.31496897E-02  0.903771639    
   7.15998411       2.32396219E-02  0.905603707    
   7.19998407       2.33181845E-02  0.906876147    
   7.23998404       2.32179444E-02  0.905990005    
   7.27998400       2.35808399E-02  0.907329381    
   7.31998396       2.34848019E-02  0.907045424    
   7.35998392       2.34725699E-02  0.907521605    
   7.39998388       2.37275623E-02  0.908900082    
   7.43998384       2.35395376E-02  0.909146607    
   7.47998381       2.36718915E-02  0.909516633    
   7.51998377       2.38936301E-02  0.909581125    
   7.55998373       2.37655491E-02  0.910274208    
   7.59998369       2.37496886E-02  0.909911871    
   7.63998365       2.38833949E-02  0.910168946    
   7.67998362       2.37635896E-02  0.909235835    
   7.71998358       2.38219686E-02  0.910401046    
   7.75998354       2.40337830E-02  0.910856664    
   7.79998350       2.39039343E-02  0.910667717    
   7.83998346       2.39161905E-02  0.911364734    
   7.87998343       2.38606464E-02  0.910806596    
   7.91998339       2.39648391E-02  0.911564112    
   7.95998335       2.40282360E-02  0.911482215    
   7.99998331       2.38522142E-02  0.911631048    
   8.03998375       2.40399037E-02  0.912232935    
   8.07998371       2.39832178E-02  0.911403418    
   8.11998367       2.39737127E-02  0.911563754    
   8.15998363       2.38556713E-02  0.911676764    
   8.19998360       2.39802878E-02  0.911347330    
   8.23998356       2.40985025E-02  0.911915362    
   8.27998352       2.41429769E-02  0.911227345    
   8.31998348       2.40184013E-02  0.909517825    
   8.35998344       2.40540188E-02  0.908847868    
   8.39998341       2.41446551E-02  0.908805370    
   8.43998337       2.41265241E-02  0.905805230    
   8.47998333       2.43158471E-02  0.904174149    
   8.51998329       2.44330503E-02  0.904310286    
   8.55998325       2.38783583E-02  0.904283345    
   8.59998322       2.40893420E-02  0.904643655    
   8.63998318       2.38122959E-02  0.904868126    
   8.67998314       2.39790846E-02  0.903785646    
   8.71998310       2.39778962E-02  0.904554963    
   8.75998306       2.38468666E-02  0.904400349    
   8.79998302       2.36628819E-02  0.905141711    
   8.83998299       2.35201549E-02  0.904658675    
   8.87998295       2.35842355E-02  0.905286252    
   8.91998291       2.28237361E-02  0.913140178    
   8.95998287       2.01319568E-02  0.943294764    
   8.99998283       1.81033295E-02  0.949667335    
   9.03998280       1.63880289E-02  0.950313210    
   9.07998276       1.50492201E-02  0.949822664    
   9.11998272       1.38908122E-02  0.949809790    
   9.15998268       1.26449335E-02  0.947693169    
   9.19998264       1.19966855E-02  0.947458148    
   9.23998260       1.10411420E-02  0.945115685    
   9.27998257       1.03444494E-02  0.942813694    
   9.31998253       9.77415126E-03  0.942029953    
   9.35998249       9.26215854E-03  0.939814150    
   9.39998245       8.56747758E-03  0.938931882    
   9.43998241       8.08094162E-03  0.937043905    
   9.47998238       7.71332299E-03  0.935077012    
   9.51998234       7.33041530E-03  0.933925450    
   9.55998230       6.94240583E-03  0.932996333    
   9.59998226       6.57868106E-03  0.931166589    
   9.63998222       6.19752705E-03  0.931224406    
   9.67998219       5.96882449E-03  0.932070971    
   9.71998215       5.65599091E-03  0.930590093    
   9.75998211       5.46621159E-03  0.930357158    
   9.79998207       5.20851091E-03  0.930652559    
   9.83998203       4.92453203E-03  0.933736742    
   9.87998199       4.71775513E-03  0.934653521    
   9.91998196       4.46638046E-03  0.941709518    
   9.95998192       4.17471444E-03  0.953974068    
   9.99998188       3.86426435E-03  0.972745597    
   10.0399818       3.78405722E-03  0.972659171    
   10.0799818       3.72343720E-03  0.972504854    
   10.1199818       3.61535070E-03  0.972216368    
   10.1599817       3.49156908E-03  0.971404672    
   10.1999817       3.52180284E-03  0.971790016    
   10.2399817       3.39361303E-03  0.971406221    
   10.2799816       3.32989707E-03  0.969552577    
   10.3199816       3.32368817E-03  0.969805956    
   10.3599815       3.19106481E-03  0.968693614    
   10.3999815       3.14760301E-03  0.968849003    
   10.4399815       3.11202789E-03  0.970239282    
   10.4799814       2.99492525E-03  0.985107243    
   10.5199814       2.84404121E-03  0.991864681    
   10.5599813       2.77544721E-03  0.996521294    
   10.5999813       2.64483248E-03  0.999798059    
   10.6399813       2.54249549E-03   1.00351870    
   10.6799812       2.49296078E-03   1.00578618    
   10.7199812       2.46165250E-03   1.00701368    
   10.7599812       2.37472029E-03   1.00941706    
   10.7999811       2.32821237E-03   1.01271713    
   10.8399811       2.28496804E-03   1.01469779    
   10.8799810       2.20549642E-03   1.01857579    
   10.9199810       2.13925284E-03   1.02282953    
   10.9599810       2.13017291E-03   1.02539432    
   10.9999809       2.06426717E-03   1.02883971    
   11.0399809       2.02856027E-03   1.03353631    
   11.0799809       1.98692991E-03   1.03705156    
   11.1199808       1.95235852E-03   1.04328763    
   11.1599808       1.91866839E-03   1.04597795    
   11.1999807       1.87371264E-03   1.05198753    
   11.2399807       1.80806126E-03   1.05765724    
   11.2799807       1.78503420E-03   1.06166029    
   11.3199806       1.77750923E-03   1.06902099    
   11.3599806       1.76706270E-03   1.07277703    
   11.3999805       1.74323760E-03   1.08042443    
   11.4399805       1.69968174E-03   1.09103370    
   11.4799805       1.68352330E-03   1.09559870    
   11.5199804       1.63543026E-03   1.10634673    
   11.5599804       1.65851857E-03   1.11069429    
   11.5999804       1.61301054E-03   1.12018335    
   11.6399803       1.59461366E-03   1.13590980    
   11.6799803       1.58504397E-03   1.14216673    
   11.7199802       1.58804015E-03   1.15327084    
   11.7599802       1.55996042E-03   1.16693699    
   11.7999802       1.55441184E-03   1.18088722    
   11.8399801       1.54221524E-03   1.19193482    
   11.8799801       1.51489396E-03   1.21241462    
   11.9199800       1.51089684E-03   1.22507107    
   11.9599800       1.50460482E-03   1.24288261    
