 # 2site DOS and GIPR created by main.f90 with subroutines in routines.f90
 #
# parameters: U =  4.00  t = -1.00  W = 12.00
# nbins = 600     ensemble size =    10000000
 #
 # Filling:  0.245516703    
 # Filling Error:   3.99986189E-03
 #
 #  Frequency           DOS            GIPR
  -12.0000000       8.12141298E-06  0.500000000    
  -11.9600000       8.96459642E-06  0.500000000    
  -11.9200001       9.08471975E-06  0.500000000    
  -11.8800001       9.26949087E-06  0.500000000    
  -11.8400002       9.85230236E-06  0.500000000    
  -11.8000002       1.05241561E-05   1.08726501    
  -11.7600002       1.12540574E-05   1.11501515    
  -11.7200003       1.14981322E-05   1.09827483    
  -11.6800003       1.20147233E-05   1.10591769    
  -11.6400003       1.23934951E-05   1.10993779    
  -11.6000004       1.30751632E-05   1.11250341    
  -11.5600004       1.37573061E-05   1.09794247    
  -11.5200005       1.39164540E-05   1.10546649    
  -11.4800005       1.46043185E-05   1.10148835    
  -11.4400005       1.55246707E-05   1.10513711    
  -11.4000006       1.61340286E-05   1.09480393    
  -11.3600006       1.66348254E-05   1.08679008    
  -11.3200006       1.70552012E-05   1.08528149    
  -11.2800007       1.72085674E-05   1.07134104    
  -11.2400007       1.81031010E-05   1.09287083    
  -11.2000008       1.84256060E-05   1.07973802    
  -11.1600008       1.87284768E-05   1.10360324    
  -11.1200008       1.90095016E-05   1.08092749    
  -11.0800009       1.97395857E-05   1.08625770    
  -11.0400009       1.97696318E-05   1.08830106    
  -11.0000010       2.00381091E-05   1.08241844    
  -10.9600010       2.06867189E-05   1.09545910    
  -10.9200010       2.15329692E-05   1.06388772    
  -10.8800011       2.21547216E-05   1.08129060    
  -10.8400011       2.21172322E-05   1.06119394    
  -10.8000011       2.34545514E-05   1.05690336    
  -10.7600012       2.27832861E-05   1.06021595    
  -10.7200012       2.37626955E-05   1.05709374    
  -10.6800013       2.43057857E-05   1.06977618    
  -10.6400013       2.48772903E-05   1.07333791    
  -10.6000013       2.50439061E-05   1.07595241    
  -10.5600014       2.55994237E-05   1.06966853    
  -10.5200014       2.70016299E-05   1.05400205    
  -10.4800014       2.75914499E-05   1.06968188    
  -10.4400015       2.87096391E-05   1.07185078    
  -10.4000015       2.81645953E-05   1.07700324    
  -10.3600016       2.91837332E-05   1.06773329    
  -10.3200016       2.97789211E-05   1.06076682    
  -10.2800016       3.07482987E-05   1.07035267    
  -10.2400017       3.20154104E-05   1.06594634    
  -10.2000017       3.26342924E-05   1.08146358    
  -10.1600018       3.28201277E-05   1.05663788    
  -10.1200018       3.34832002E-05   1.06977940    
  -10.0800018       3.39984545E-05   1.05780590    
  -10.0400019       3.59719816E-05   1.06050074    
  -10.0000019       3.60918893E-05   1.04766464    
  -9.96000195       3.69993577E-05   1.05823147    
  -9.92000198       3.84246014E-05   1.04385602    
  -9.88000202       3.97768381E-05   1.04175949    
  -9.84000206       4.00174868E-05   1.06121278    
  -9.80000210       4.11297988E-05   1.04296601    
  -9.76000214       4.20406104E-05   1.03714097    
  -9.72000217       4.44642210E-05   1.04095268    
  -9.68000221       4.39859868E-05   1.04589808    
  -9.64000225       4.51261876E-05   1.03513896    
  -9.60000229       4.60903539E-05   1.04782212    
  -9.56000233       4.70557279E-05   1.04548275    
  -9.52000237       4.92801883E-05   1.04198027    
  -9.48000240       5.14331659E-05   1.04145753    
  -9.44000244       5.16818218E-05   1.04937744    
  -9.40000248       5.32196682E-05   1.03879654    
  -9.36000252       5.46664087E-05   1.03906810    
  -9.32000256       5.54839244E-05   1.04828119    
  -9.28000259       5.81047134E-05   1.03988397    
  -9.24000263       5.92627148E-05   1.02496803    
  -9.20000267       6.12660078E-05   1.04103899    
  -9.16000271       6.30916693E-05   1.03238785    
  -9.12000275       6.48127461E-05   1.03190911    
  -9.08000278       6.70438967E-05   1.03832281    
  -9.04000282       6.99760567E-05   1.03594398    
  -9.00000286       7.33241686E-05   1.03381717    
  -8.96000290       7.31872133E-05   1.03053141    
  -8.92000294       7.68036261E-05   1.04086769    
  -8.88000298       7.85953816E-05   1.02340102    
  -8.84000301       7.99066402E-05   1.02343106    
  -8.80000305       8.44517272E-05   1.02367318    
  -8.76000309       8.56215920E-05   1.02202570    
  -8.72000313       8.63074383E-05   1.02505910    
  -8.68000317       9.00705854E-05   1.01436627    
  -8.64000320       9.43525665E-05   1.02435386    
  -8.60000324       9.70483525E-05   1.01794815    
  -8.56000328       1.00371471E-04   1.02179086    
  -8.52000332       1.03769780E-04   1.02682650    
  -8.48000336       1.04744657E-04   1.02801466    
  -8.44000340       1.10726454E-04   1.01928914    
  -8.40000343       1.15177354E-04   1.01601779    
  -8.36000347       1.19302444E-04   1.02302754    
  -8.32000351       1.21822326E-04   1.01728368    
  -8.28000355       1.26436353E-04   1.02395713    
  -8.24000359       1.30346874E-04   1.01796281    
  -8.20000362       1.36157527E-04   1.01467073    
  -8.16000366       1.39907352E-04   1.01215279    
  -8.12000370       1.45907339E-04   1.01516891    
  -8.08000374       1.49105501E-04   1.01962984    
  -8.04000378       1.58708208E-04   1.01086617    
  -8.00000381       1.66049824E-04   1.01003087    
  -7.96000385       1.69476873E-04   1.00839293    
  -7.92000389       1.73578228E-04   1.00988674    
  -7.88000393       1.83120530E-04   1.01083958    
  -7.84000397       1.92849358E-04   1.00915170    
  -7.80000401       1.99543691E-04   1.00926673    
  -7.76000404       2.12042098E-04   1.00545418    
  -7.72000408       2.18036264E-04   1.00957465    
  -7.68000412       2.27967350E-04   1.00931263    
  -7.64000416       2.45973613E-04   1.00712204    
  -7.60000420       2.52756116E-04   1.00747573    
  -7.56000423       2.63855472E-04   1.00582397    
  -7.52000427       2.78341031E-04   1.00601864    
  -7.48000431       2.97373452E-04   1.00650859    
  -7.44000435       3.06187256E-04   1.00781214    
  -7.40000439       3.22594948E-04   1.00623345    
  -7.36000443       3.37728794E-04   1.00475693    
  -7.32000446       3.67578177E-04   1.00433707    
  -7.28000450       3.85540770E-04   1.00437272    
  -7.24000454       3.93546245E-04   1.00614965    
  -7.20000458       4.18106327E-04   1.00338793    
  -7.16000462       4.42527467E-04   1.00374079    
  -7.12000465       4.74173314E-04   1.00230622    
  -7.08000469       5.08207944E-04   1.00253856    
  -7.04000473       5.40870300E-04   1.00186598    
  -7.00000477       5.63265290E-04   1.00247073    
  -6.96000481       6.01079490E-04   1.00146878    
  -6.92000484       6.36962242E-04   1.00007880    
  -6.88000488       6.78562850E-04   1.00115633    
  -6.84000492       7.10594817E-04   1.00017393    
  -6.80000496       7.69798527E-04  0.999763250    
  -6.76000500       8.19392619E-04  0.998931766    
  -6.72000504       8.74604622E-04  0.998331726    
  -6.68000507       9.30439681E-04  0.997016609    
  -6.64000511       1.01332297E-03  0.995892107    
  -6.60000515       1.08151371E-03  0.993952274    
  -6.56000519       1.18772907E-03  0.990773439    
  -6.52000523       1.33800704E-03  0.972796619    
  -6.48000526       1.56624138E-03  0.941881001    
  -6.44000530       1.64874678E-03  0.943127275    
  -6.40000534       1.73342926E-03  0.944748759    
  -6.36000538       1.79524440E-03  0.947025299    
  -6.32000542       1.90492161E-03  0.951070964    
  -6.28000546       2.00854219E-03  0.952192307    
  -6.24000549       2.13432405E-03  0.956015289    
  -6.20000553       2.35292921E-03  0.958266199    
  -6.16000557       2.55386136E-03  0.960905015    
  -6.12000561       2.87317135E-03  0.962506413    
  -6.08000565       2.96897860E-03  0.962875903    
  -6.04000568       3.14661697E-03  0.962529421    
  -6.00000572       3.20353289E-03  0.962709069    
  -5.96000576       3.34035628E-03  0.962131679    
  -5.92000580       3.47994664E-03  0.962369382    
  -5.88000584       3.66395433E-03  0.960394323    
  -5.84000587       3.77618754E-03  0.957677901    
  -5.80000591       4.01874818E-03  0.953412354    
  -5.76000595       4.27061040E-03  0.946952701    
  -5.72000599       4.51573636E-03  0.931634963    
  -5.68000603       5.17321005E-03  0.887732148    
  -5.64000607       5.48633933E-03  0.866213500    
  -5.60000610       5.61541226E-03  0.861112833    
  -5.56000614       5.58062177E-03  0.853579700    
  -5.52000618       5.70920249E-03  0.851671278    
  -5.48000622       5.73849073E-03  0.846749783    
  -5.44000626       5.77935204E-03  0.843878865    
  -5.40000629       5.82861248E-03  0.841676533    
  -5.36000633       5.85931586E-03  0.836158872    
  -5.32000637       5.85723994E-03  0.835067213    
  -5.28000641       5.98090654E-03  0.831654727    
  -5.24000645       6.04419690E-03  0.827658892    
  -5.20000648       6.00987021E-03  0.826782167    
  -5.16000652       6.12552464E-03  0.823751628    
  -5.12000656       6.17471663E-03  0.820393741    
  -5.08000660       6.22853264E-03  0.816287279    
  -5.04000664       6.28359662E-03  0.816952467    
  -5.00000668       6.25720806E-03  0.815790236    
  -4.96000671       6.30985154E-03  0.811675608    
  -4.92000675       6.34867977E-03  0.810043633    
  -4.88000679       6.42842799E-03  0.808530807    
  -4.84000683       6.32387307E-03  0.815256536    
  -4.80000687       6.02161745E-03  0.824933708    
  -4.76000690       5.98009862E-03  0.828312457    
  -4.72000694       5.91987697E-03  0.832207799    
  -4.68000698       5.79445763E-03  0.833824277    
  -4.64000702       5.77058829E-03  0.834951460    
  -4.60000706       5.69586735E-03  0.836902857    
  -4.56000710       5.60590997E-03  0.837508678    
  -4.52000713       5.50250616E-03  0.839244843    
  -4.48000717       5.45629207E-03  0.836264908    
  -4.44000721       5.35265310E-03  0.836769402    
  -4.40000725       5.33036608E-03  0.838520586    
  -4.36000729       5.24007203E-03  0.837300539    
  -4.32000732       5.20210015E-03  0.838178217    
  -4.28000736       5.11315372E-03  0.837402880    
  -4.24000740       5.05648926E-03  0.835051477    
  -4.20000744       4.96371416E-03  0.833869040    
  -4.16000748       4.92500979E-03  0.835257471    
  -4.12000751       4.80253017E-03  0.834761679    
  -4.08000755       4.82453313E-03  0.831913292    
  -4.04000759       4.74286778E-03  0.830398142    
  -4.00000763       4.60339058E-03  0.829530776    
  -3.96000767       4.60890122E-03  0.830027044    
  -3.92000771       5.58142411E-03  0.857280791    
  -3.88000774       1.00007970E-02  0.912002861    
  -3.84000778       1.27863698E-02  0.927540720    
  -3.80000782       1.47116436E-02  0.932577550    
  -3.76000786       1.63577143E-02  0.936635613    
  -3.72000790       1.76953524E-02  0.938315690    
  -3.68000793       1.90791599E-02  0.929160058    
  -3.64000797       2.18642838E-02  0.889132857    
  -3.60000801       2.37550400E-02  0.870013773    
  -3.56000805       2.54095737E-02  0.855226636    
  -3.52000809       2.65289564E-02  0.850712419    
  -3.48000813       2.78395396E-02  0.840633154    
  -3.44000816       2.88191140E-02  0.836354792    
  -3.40000820       2.93947589E-02  0.831149101    
  -3.36000824       3.04849613E-02  0.825422406    
  -3.32000828       3.09895240E-02  0.819361806    
  -3.28000832       3.19399796E-02  0.813632727    
  -3.24000835       3.29465121E-02  0.806189835    
  -3.20000839       3.34988087E-02  0.802087545    
  -3.16000843       3.39998938E-02  0.798253477    
  -3.12000847       3.50220501E-02  0.793558002    
  -3.08000851       3.58644314E-02  0.789181411    
  -3.04000854       3.63254845E-02  0.784434319    
  -3.00000858       3.69905159E-02  0.780762374    
  -2.96000862       3.76364440E-02  0.777508259    
  -2.92000866       3.83198000E-02  0.774242640    
  -2.88000870       3.88804786E-02  0.769959390    
  -2.84000874       3.92771885E-02  0.765869200    
  -2.80000877       3.96037959E-02  0.765205264    
  -2.76000881       4.02114578E-02  0.761086166    
  -2.72000885       4.08456437E-02  0.759437084    
  -2.68000889       4.05833907E-02  0.757256985    
  -2.64000893       4.11013588E-02  0.753589690    
  -2.60000896       4.16925810E-02  0.751542568    
  -2.56000900       4.21987176E-02  0.750428379    
  -2.52000904       4.23115939E-02  0.749239862    
  -2.48000908       4.27107550E-02  0.745431364    
  -2.44000912       4.35022227E-02  0.740835428    
  -2.40000916       4.35233377E-02  0.741418302    
  -2.36000919       4.40344512E-02  0.738145709    
  -2.32000923       4.44891304E-02  0.735026479    
  -2.28000927       4.47957665E-02  0.733225107    
  -2.24000931       4.55486588E-02  0.730366170    
  -2.20000935       4.56724875E-02  0.728913069    
  -2.16000938       4.57218662E-02  0.727843463    
  -2.12000942       4.64778543E-02  0.725364566    
  -2.08000946       4.68432903E-02  0.722363651    
  -2.04000950       4.75051813E-02  0.721397519    
  -2.00000954       4.74442355E-02  0.720823824    
  -1.96000957       4.86037135E-02  0.719190240    
  -1.92000961       4.86159585E-02  0.718104780    
  -1.88000965       4.95728068E-02  0.713228941    
  -1.84000969       4.97772470E-02  0.712945700    
  -1.80000973       5.05437776E-02  0.710699379    
  -1.76000977       5.11428975E-02  0.709701777    
  -1.72000980       5.23187406E-02  0.707762599    
  -1.68000984       5.34697920E-02  0.704565346    
  -1.64000988       5.46651632E-02  0.701691568    
  -1.60000992       5.59363589E-02  0.698105812    
  -1.56000996       5.74831963E-02  0.695845723    
  -1.52000999       5.94689474E-02  0.693247318    
  -1.48001003       6.07298873E-02  0.691501737    
  -1.44001007       6.24422394E-02  0.688910484    
  -1.40001011       6.41324148E-02  0.689988852    
  -1.36001015       6.62971064E-02  0.687689602    
  -1.32001019       6.87135756E-02  0.686230958    
  -1.28001022       7.13669956E-02  0.687119722    
  -1.24001026       7.42316768E-02  0.688653231    
  -1.20001030       7.75850490E-02  0.689023614    
  -1.16001034       8.15288574E-02  0.690373659    
  -1.12001038       8.48335028E-02  0.695935547    
  -1.08001041       8.95226300E-02  0.701695800    
  -1.04001045       9.22650024E-02  0.708793402    
  -1.00001049       9.47682336E-02  0.717908084    
 -0.960010469       9.84576568E-02  0.729095757    
 -0.920010448      0.103117652      0.744776130    
 -0.880010426      0.110275850      0.762257934    
 -0.840010405      0.106348835      0.774385571    
 -0.800010383      0.105536751      0.773981333    
 -0.760010362      0.105248742      0.771007657    
 -0.720010340      0.104460172      0.770165265    
 -0.680010319      0.105006352      0.768455207    
 -0.640010297      0.104081094      0.767565966    
 -0.600010276      0.104638457      0.765071750    
 -0.560010254      0.104120001      0.765669703    
 -0.520010233      0.103905477      0.761853993    
 -0.480010241      0.103933416      0.761159837    
 -0.440010250      0.104130156      0.758672416    
 -0.400010258      0.103880875      0.757366776    
 -0.360010266      0.103454001      0.754748940    
 -0.320010275      0.104439355      0.754724503    
 -0.280010283      0.103461489      0.752832770    
 -0.240010291      0.103676580      0.751175582    
 -0.200010300      0.103709117      0.748859167    
 -0.160010308      0.103769392      0.747535527    
 -0.120010309      0.103773817      0.744931221    
  -8.00103098E-02  0.103122056      0.743219018    
  -4.00103107E-02  0.104165919      0.741858602    
  -1.03116035E-05   9.99965519E-02  0.742430449    
   3.99896875E-02  0.100020461      0.738229811    
   7.99896866E-02  0.100449882      0.737136602    
  0.119989686      0.100786313      0.734299064    
  0.159989685      0.100994378      0.732879519    
  0.199989676      0.101212285      0.729955554    
  0.239989668      0.100415401      0.727727771    
  0.279989660      0.102065369      0.724828899    
  0.319989651      0.101862080      0.722190678    
  0.359989643      0.102306694      0.720301628    
  0.399989635      0.103132419      0.717992067    
  0.439989626      0.103376985      0.715164006    
  0.479989618      0.103549473      0.713369310    
  0.519989610      0.104031228      0.709829152    
  0.559989631      0.104221381      0.707716882    
  0.599989653      0.104309753      0.706890404    
  0.639989674      0.104912795      0.705204189    
  0.679989696      0.104816318      0.702961266    
  0.719989717      0.106012240      0.701410174    
  0.759989738      0.105588697      0.698394656    
  0.799989760      0.106543221      0.697110355    
  0.839989781      0.111241654      0.687670410    
  0.879989803      0.113276921      0.685811698    
  0.919989824      0.115906984      0.685857356    
  0.959989846      0.117243201      0.684848309    
  0.999989867      0.119087264      0.683807433    
   1.03998983      0.120486006      0.684391856    
   1.07998979      0.120793462      0.684082508    
   1.11998975      0.122159608      0.684106767    
   1.15998971      0.121528655      0.684578419    
   1.19998968      0.120410614      0.687471092    
   1.23998964      0.121253081      0.690056503    
   1.27998960      0.120196886      0.691440642    
   1.31998956      0.120633863      0.691747308    
   1.35998952      0.120513052      0.693583250    
   1.39998949      0.120246179      0.694203138    
   1.43998945      0.121038340      0.694362700    
   1.47998941      0.120383620      0.695329189    
   1.51998937      0.120666720      0.695687652    
   1.55998933      0.120736159      0.695778608    
   1.59998930      0.120959446      0.696500897    
   1.63998926      0.119778119      0.696276009    
   1.67998922      0.120120943      0.697118521    
   1.71998918      0.119963288      0.698031664    
   1.75998914      0.120606810      0.697743237    
   1.79998910      0.119760774      0.699044228    
   1.83998907      0.120065071      0.699188888    
   1.87998903      0.120716915      0.699693441    
   1.91998899      0.120301194      0.699905813    
   1.95998895      0.120200001      0.700083733    
   1.99998891      0.120420538      0.699324131    
   2.03998899      0.121607229      0.698842049    
   2.07998896      0.121052913      0.699239314    
   2.11998892      0.121916436      0.699144244    
   2.15998888      0.122146368      0.699583471    
   2.19998884      0.122780375      0.699339688    
   2.23998880      0.122840993      0.700349450    
   2.27998877      0.123228215      0.699674785    
   2.31998873      0.123202607      0.700215101    
   2.35998869      0.123010881      0.700612068    
   2.39998865      0.123196565      0.701618433    
   2.43998861      0.124244839      0.701443315    
   2.47998857      0.123497277      0.702930450    
   2.51998854      0.124535918      0.703342319    
   2.55998850      0.122167021      0.706351459    
   2.59998846      0.118761048      0.711752176    
   2.63998842      0.116173610      0.714954615    
   2.67998838      0.113871455      0.718060076    
   2.71998835      0.112324446      0.720740259    
   2.75998831      0.111304134      0.723368347    
   2.79998827      0.111489609      0.721941710    
   2.83998823      0.111626856      0.722530246    
   2.87998819      0.110674456      0.723188221    
   2.91998816      0.109883845      0.725263655    
   2.95998812      0.109475262      0.726072192    
   2.99998808      0.108515240      0.727713108    
   3.03998804      0.108257927      0.728884637    
   3.07998800      0.107147790      0.730773389    
   3.11998796      0.107280858      0.731701851    
   3.15998793      0.105776839      0.732409656    
   3.19998789      0.105361983      0.734145105    
   3.23998785      0.104761362      0.734843791    
   3.27998781      0.103278309      0.738110900    
   3.31998777      0.101925746      0.739035249    
   3.35998774      0.101061866      0.741331160    
   3.39998770      0.100560769      0.742297828    
   3.43998766       9.98136178E-02  0.743859172    
   3.47998762       9.78663936E-02  0.745477557    
   3.51998758       9.67225507E-02  0.748728335    
   3.55998755       9.48886126E-02  0.749373972    
   3.59998751       9.33578163E-02  0.752934396    
   3.63998747       9.04483497E-02  0.758349597    
   3.67998743       8.83700401E-02  0.758534491    
   3.71998739       8.78186449E-02  0.757887959    
   3.75998735       8.81295428E-02  0.758563757    
   3.79998732       8.84151533E-02  0.759304166    
   3.83998728       8.87226164E-02  0.759489596    
   3.87998724       8.87646377E-02  0.759384096    
   3.91998720       8.91135335E-02  0.759547174    
   3.95998716       8.93976465E-02  0.760278404    
   3.99998713       8.98372903E-02  0.760844588    
   4.03998709       8.93070996E-02  0.762059987    
   4.07998705       9.05496776E-02  0.761169374    
   4.11998701       9.03178528E-02  0.763206184    
   4.15998697       9.04054567E-02  0.763475239    
   4.19998693       9.04410779E-02  0.764929116    
   4.23998690       9.02643576E-02  0.764135420    
   4.27998686       9.10685137E-02  0.765102148    
   4.31998682       9.13541093E-02  0.766458392    
   4.35998678       9.12851915E-02  0.765895545    
   4.39998674       9.19893235E-02  0.766679525    
   4.43998671       9.19759050E-02  0.768224657    
   4.47998667       9.19799954E-02  0.768557787    
   4.51998663       9.18231308E-02  0.768461466    
   4.55998659       9.21210796E-02  0.767498672    
   4.59998655       9.23895091E-02  0.769943893    
   4.63998652       9.29360688E-02  0.769124269    
   4.67998648       9.27152038E-02  0.770703971    
   4.71998644       9.32342708E-02  0.770743489    
   4.75998640       9.34117064E-02  0.771394491    
   4.79998636       9.35845822E-02  0.771949589    
   4.83998632       9.35599133E-02  0.770873964    
   4.87998629       9.39458013E-02  0.773263574    
   4.91998625       9.36588496E-02  0.774244368    
   4.95998621       9.37986448E-02  0.774417639    
   4.99998617       9.39481705E-02  0.776002228    
   5.03998613       9.38508138E-02  0.777272344    
   5.07998610       9.43334177E-02  0.777834058    
   5.11998606       9.40102190E-02  0.778470039    
   5.15998602       9.37424004E-02  0.778366446    
   5.19998598       9.49031338E-02  0.780482888    
   5.23998594       9.42356288E-02  0.782176733    
   5.27998590       9.39287692E-02  0.782562435    
   5.31998587       9.49353725E-02  0.783229172    
   5.35998583       9.40966010E-02  0.783449769    
   5.39998579       9.41903964E-02  0.786152482    
   5.43998575       9.27705243E-02  0.788646340    
   5.47998571       9.09544826E-02  0.791526794    
   5.51998568       9.00177062E-02  0.794306278    
   5.55998564       8.96282047E-02  0.796349645    
   5.59998560       8.90679881E-02  0.799857616    
   5.63998556       8.80632028E-02  0.802611589    
   5.67998552       8.70179534E-02  0.806107223    
   5.71998549       8.59103799E-02  0.808728099    
   5.75998545       8.57954174E-02  0.811177433    
   5.79998541       8.49039704E-02  0.813843727    
   5.83998537       8.43859389E-02  0.816790164    
   5.87998533       8.40800181E-02  0.818815410    
   5.91998529       8.33058953E-02  0.822679281    
   5.95998526       8.28225091E-02  0.825644851    
   5.99998522       8.23736787E-02  0.829668343    
   6.03998518       8.17851201E-02  0.832512677    
   6.07998514       8.17662999E-02  0.835049212    
   6.11998510       8.10371637E-02  0.837716460    
   6.15998507       8.05936158E-02  0.840859056    
   6.19998503       8.01817924E-02  0.843507528    
   6.23998499       7.94213042E-02  0.847604811    
   6.27998495       7.94481784E-02  0.851270616    
   6.31998491       7.98940137E-02  0.851326227    
   6.35998487       7.99063668E-02  0.853182673    
   6.39998484       7.99144953E-02  0.853196383    
   6.43998480       8.07386786E-02  0.854317665    
   6.47998476       8.00137445E-02  0.854614079    
   6.51998472       8.07095245E-02  0.856011331    
   6.55998468       8.06898028E-02  0.856993675    
   6.59998465       8.10122266E-02  0.857545912    
   6.63998461       8.14461038E-02  0.859038353    
   6.67998457       8.20178986E-02  0.860596061    
   6.71998453       8.16259980E-02  0.861018956    
   6.75998449       8.17469731E-02  0.860775828    
   6.79998446       8.16986412E-02  0.861781001    
   6.83998442       8.16480666E-02  0.862875998    
   6.87998438       8.24042410E-02  0.863404870    
   6.91998434       8.35985765E-02  0.864727914    
   6.95998430       8.35045055E-02  0.865224421    
   6.99998426       8.33997130E-02  0.865706205    
   7.03998423       8.26457441E-02  0.866272092    
   7.07998419       8.36390704E-02  0.867842078    
   7.11998415       8.33687857E-02  0.868306220    
   7.15998411       8.39269310E-02  0.868975461    
   7.19998407       8.43334571E-02  0.869353175    
   7.23998404       8.41589272E-02  0.870948792    
   7.27998400       8.47223550E-02  0.870729864    
   7.31998396       8.48642290E-02  0.871355593    
   7.35998392       8.41032714E-02  0.870493650    
   7.39998388       7.01936185E-02  0.849432528    
   7.43998384       5.67026623E-02  0.820413053    
   7.47998381       4.21581641E-02  0.778822601    
   7.51998377       3.53541039E-02  0.753707647    
   7.55998373       2.90981084E-02  0.724616766    
   7.59998369       2.46965587E-02  0.698298037    
   7.63998365       2.05791444E-02  0.673282266    
   7.67998362       1.72939450E-02  0.651841819    
   7.71998358       1.47655215E-02  0.631066918    
   7.75998354       1.25056338E-02  0.611346066    
   7.79998350       1.05408793E-02  0.593969643    
   7.83998346       9.21829324E-03  0.584689736    
   7.87998343       8.00738111E-03  0.578566909    
   7.91998339       7.06844730E-03  0.574686289    
   7.95998335       6.07516197E-03  0.573727846    
   7.99998331       5.36648324E-03  0.572216034    
   8.03998375       4.43010917E-03  0.578273237    
   8.07998371       3.71891656E-03  0.587401152    
   8.11998367       2.96419254E-03  0.601262808    
   8.15998363       2.35502585E-03  0.622732878    
   8.19998360       1.70668028E-03  0.660443544    
   8.23998356       1.08532223E-03  0.748905003    
   8.27998352       5.89453732E-04  0.943632126    
   8.31998348       5.14564861E-04  0.998734057    
   8.35998344       5.10774727E-04  0.998804271    
   8.39998341       4.87875397E-04  0.998849750    
   8.43998337       4.77608963E-04  0.998884797    
   8.47998333       4.66097263E-04  0.998941958    
   8.51998329       4.61291173E-04  0.999016404    
   8.55998325       4.50814288E-04  0.999058545    
   8.59998322       4.43887489E-04  0.999093294    
   8.63998318       4.25361737E-04  0.999139369    
   8.67998314       4.27705905E-04  0.999169528    
   8.71998310       4.07705345E-04  0.999196410    
   8.75998306       4.01551690E-04  0.999237359    
   8.79998302       3.94672359E-04  0.999282598    
   8.83998299       3.90781701E-04  0.999330759    
   8.87998295       3.77065764E-04  0.999353766    
   8.91998291       3.75155476E-04  0.999376833    
   8.95998287       3.65557498E-04  0.999409318    
   8.99998283       3.63466330E-04  0.999421418    
   9.03998280       3.53161333E-04  0.999442160    
   9.07998276       3.39246384E-04  0.999466062    
   9.11998272       3.34123732E-04  0.999494076    
   9.15998268       3.30317009E-04  0.999511838    
   9.19998264       3.22720094E-04  0.999532163    
   9.23998260       3.18458769E-04  0.999549091    
   9.27998257       3.08583723E-04  0.999570131    
   9.31998253       3.08139570E-04  0.999584377    
   9.35998249       3.01238353E-04  0.999597132    
   9.39998245       2.96330574E-04  0.999604344    
   9.43998241       2.90256401E-04  0.999626398    
   9.47998238       2.82147230E-04  0.999626815    
   9.51998234       2.78304389E-04  0.999657452    
   9.55998230       2.75967905E-04  0.999655426    
   9.59998226       2.64977542E-04  0.999675512    
   9.63998222       2.65257870E-04  0.999685407    
   9.67998219       2.58909044E-04  0.999701679    
   9.71998215       2.52475933E-04  0.999709070    
   9.75998211       2.44465773E-04  0.999721050    
   9.79998207       2.42528185E-04  0.999726176    
   9.83998203       2.39985660E-04  0.999735355    
   9.87998199       2.34586812E-04  0.999743342    
   9.91998196       2.28529621E-04  0.999760568    
   9.95998192       2.27084296E-04  0.999762654    
   9.99998188       2.26494012E-04  0.999769032    
   10.0399818       2.16761633E-04  0.999779582    
   10.0799818       2.13814114E-04  0.999793947    
   10.1199818       2.13004256E-04  0.999796510    
   10.1599817       2.08162150E-04  0.999797344    
   10.1999817       2.05317279E-04  0.999803185    
   10.2399817       2.01600327E-04  0.999803364    
   10.2799816       1.96812296E-04  0.999819040    
   10.3199816       1.94416614E-04  0.999825299    
   10.3599815       1.94215419E-04  0.999828160    
   10.3999815       1.89756509E-04  0.999828160    
   10.4399815       1.85696146E-04  0.999835730    
   10.4799814       1.79984738E-04  0.999844611    
   10.5199814       1.79607538E-04  0.999849081    
   10.5599813       1.76479050E-04  0.999855340    
   10.5999813       1.72505635E-04  0.999858558    
   10.6399813       1.73157445E-04  0.999855995    
   10.6799812       1.68451501E-04  0.999866009    
   10.7199812       1.66213344E-04  0.999866843    
   10.7599812       1.62413475E-04  0.999872208    
   10.7999811       1.59106261E-04  0.999876082    
   10.8399811       1.54986963E-04  0.999880314    
   10.8799810       1.54070571E-04  0.999879539    
   10.9199810       1.52048116E-04  0.999887884    
   10.9599810       1.51493077E-04  0.999888539    
   10.9999809       1.47267187E-04  0.999891281    
   11.0399809       1.47023267E-04  0.999896288    
   11.0799809       1.44895734E-04  0.999898612    
   11.1199808       1.41422002E-04  0.999899566    
   11.1599808       1.42366640E-04  0.999902546    
   11.1999807       1.38982068E-04  0.999906242    
   11.2399807       1.38546617E-04  0.999909163    
   11.2799807       1.35016933E-04   1.00025475    
   11.3199806       1.36615563E-04   1.00205815    
   11.3599806       1.31031571E-04   1.00360870    
   11.3999805       1.30596483E-04   1.00557601    
   11.4399805       1.27155130E-04   1.00876760    
   11.4799805       1.26435218E-04   1.00933039    
   11.5199804       1.26737985E-04   1.01267421    
   11.5599804       1.24162805E-04   1.01390231    
   11.5999804       1.21943573E-04   1.01781952    
   11.6399803       1.19114840E-04   1.02033949    
   11.6799803       1.19604571E-04   1.02337229    
   11.7199802       1.18191929E-04   1.02562714    
   11.7599802       1.15744500E-04   1.02760243    
   11.7999802       1.16870855E-04   1.03119755    
   11.8399801       1.15058276E-04   1.03637111    
   11.8799801       1.10210764E-04   1.04063535    
   11.9199800       1.12827300E-04   1.04173636    
   11.9599800       1.11243731E-04   1.04618001    
