 # 2site DOS and GIPR created by main.f90 with subroutines in routines.f90
 #
# parameters: U =  4.00  t = -1.00  W = 12.00
# nbins = 600     ensemble size =    10000000
 #
 # Filling:  0.289519280    
 # Filling Error:   4.18436294E-03
 #
 #  Frequency           DOS            GIPR
  -12.0000000       1.61690969E-05   1.10322988    
  -11.9600000       1.67200760E-05   1.10178781    
  -11.9200001       1.71496231E-05   1.09730566    
  -11.8800001       1.82073727E-05   1.10465693    
  -11.8400002       1.88855029E-05   1.10678422    
  -11.8000002       1.90915907E-05   1.08584440    
  -11.7600002       2.02301289E-05   1.10204589    
  -11.7200003       2.08195015E-05   1.08560443    
  -11.6800003       2.13209969E-05   1.08281446    
  -11.6400003       2.25856020E-05   1.09578526    
  -11.6000004       2.31378908E-05   1.08338499    
  -11.5600004       2.33640312E-05   1.07707191    
  -11.5200005       2.43115010E-05   1.08727193    
  -11.4800005       2.58252840E-05   1.07073843    
  -11.4400005       2.65595245E-05   1.09826195    
  -11.4000006       2.68097501E-05   1.08318532    
  -11.3600006       2.85790356E-05   1.09264636    
  -11.3200006       2.92737041E-05   1.06835651    
  -11.2800007       3.05292124E-05   1.07933128    
  -11.2400007       3.15102734E-05   1.07406843    
  -11.2000008       3.21125408E-05   1.07520032    
  -11.1600008       3.35874829E-05   1.09366417    
  -11.1200008       3.45536973E-05   1.06062508    
  -11.0800009       3.55675729E-05   1.08180082    
  -11.0400009       3.69438785E-05   1.06232953    
  -11.0000010       3.78727964E-05   1.08155513    
  -10.9600010       3.89605739E-05   1.06626940    
  -10.9200010       4.06376166E-05   1.07202506    
  -10.8800011       4.26068946E-05   1.05909181    
  -10.8400011       4.32398301E-05   1.05727077    
  -10.8000011       4.43180325E-05   1.07141006    
  -10.7600012       4.54427100E-05   1.05713630    
  -10.7200012       4.75074812E-05   1.06490219    
  -10.6800013       4.80678427E-05   1.05144954    
  -10.6400013       4.98033442E-05   1.05553114    
  -10.6000013       5.10556565E-05   1.06063724    
  -10.5600014       5.16295950E-05   1.05675948    
  -10.5200014       5.32156919E-05   1.04912686    
  -10.4800014       5.47433228E-05   1.04810727    
  -10.4400015       5.54333637E-05   1.05798507    
  -10.4000015       5.76680359E-05   1.05165744    
  -10.3600016       5.88239200E-05   1.05847669    
  -10.3200016       6.08738846E-05   1.06206763    
  -10.2800016       6.18193590E-05   1.04833972    
  -10.2400017       6.26672700E-05   1.05910885    
  -10.2000017       6.36901750E-05   1.05436635    
  -10.1600018       6.71928647E-05   1.04589820    
  -10.1200018       6.71766466E-05   1.04814053    
  -10.0800018       6.99125449E-05   1.04958904    
  -10.0400019       6.87894426E-05   1.04194105    
  -10.0000019       7.28891537E-05   1.03500998    
  -9.96000195       7.45720536E-05   1.04484677    
  -9.92000198       7.76273664E-05   1.02978981    
  -9.88000202       7.88264879E-05   1.03357005    
  -9.84000206       8.03956646E-05   1.03693140    
  -9.80000210       8.34778912E-05   1.04102087    
  -9.76000214       8.70169897E-05   1.03420401    
  -9.72000217       8.81299202E-05   1.04065812    
  -9.68000221       9.43788837E-05   1.03357792    
  -9.64000225       9.57053780E-05   1.03399026    
  -9.60000229       9.91623820E-05   1.03703558    
  -9.56000233       1.04144106E-04   1.03437173    
  -9.52000237       1.05242354E-04   1.03129804    
  -9.48000240       1.11501970E-04   1.02285135    
  -9.44000244       1.13846741E-04   1.02759171    
  -9.40000248       1.17118601E-04   1.02733290    
  -9.36000252       1.22188925E-04   1.02866769    
  -9.32000256       1.28332962E-04   1.02465081    
  -9.28000259       1.33124311E-04   1.02489913    
  -9.24000263       1.33895956E-04   1.02134621    
  -9.20000267       1.43086232E-04   1.02538311    
  -9.16000271       1.46175094E-04   1.01913500    
  -9.12000275       1.47863379E-04   1.02132332    
  -9.08000278       1.56281589E-04   1.01290202    
  -9.04000282       1.62512239E-04   1.01864231    
  -9.00000286       1.67789607E-04   1.01349890    
  -8.96000290       1.71512918E-04   1.01793587    
  -8.92000294       1.81266587E-04   1.02190459    
  -8.88000298       1.87749712E-04   1.01304555    
  -8.84000301       1.95638320E-04   1.01890218    
  -8.80000305       1.99177230E-04   1.01510346    
  -8.76000309       2.13388223E-04   1.02005827    
  -8.72000313       2.17799199E-04   1.01381981    
  -8.68000317       2.28247416E-04   1.01665628    
  -8.64000320       2.35640371E-04   1.01441538    
  -8.60000324       2.46024370E-04   1.00969052    
  -8.56000328       2.53574690E-04   1.01434839    
  -8.52000332       2.66710646E-04   1.01059461    
  -8.48000336       2.79017666E-04   1.01175451    
  -8.44000340       2.87096889E-04   1.00817859    
  -8.40000343       3.03278910E-04   1.01132917    
  -8.36000347       3.06803093E-04   1.00768030    
  -8.32000351       3.23821470E-04   1.00868106    
  -8.28000355       3.31649440E-04   1.00635970    
  -8.24000359       3.55540775E-04   1.00525928    
  -8.20000362       3.65520915E-04   1.00721335    
  -8.16000366       3.87792184E-04   1.00613010    
  -8.12000370       3.96131712E-04   1.00684381    
  -8.08000374       4.19747608E-04   1.00409377    
  -8.04000378       4.35788039E-04   1.00836670    
  -8.00000381       4.65324614E-04   1.00451374    
  -7.96000385       4.70096449E-04   1.00726402    
  -7.92000389       5.01327799E-04   1.00579739    
  -7.88000393       5.30163990E-04   1.00513601    
  -7.84000397       5.53219346E-04   1.00388908    
  -7.80000401       5.78733569E-04   1.00449324    
  -7.76000404       6.12633536E-04   1.00352168    
  -7.72000408       6.34792203E-04   1.00210416    
  -7.68000412       6.71530725E-04   1.00301468    
  -7.64000416       7.03565951E-04   1.00269485    
  -7.60000420       7.43184530E-04   1.00223851    
  -7.56000423       7.86826829E-04   1.00126529    
  -7.52000427       8.35024461E-04   1.00092340    
  -7.48000431       8.70104122E-04   1.00074768    
  -7.44000435       9.26771841E-04   1.00052786    
  -7.40000439       9.62436607E-04  0.999494612    
  -7.36000443       1.04029581E-03  0.998908997    
  -7.32000446       1.09753793E-03  0.998458087    
  -7.28000450       1.17384968E-03  0.998148084    
  -7.24000454       1.25940377E-03  0.997105896    
  -7.20000458       1.33630342E-03  0.995361805    
  -7.16000462       1.43835926E-03  0.992245913    
  -7.12000465       1.53847889E-03  0.991288662    
  -7.08000469       1.59964990E-03  0.989626825    
  -7.04000473       1.65658793E-03  0.987442553    
  -7.00000477       1.68706046E-03  0.985288978    
  -6.96000481       1.75236119E-03  0.981650233    
  -6.92000484       1.81086152E-03  0.977023065    
  -6.88000488       1.86675752E-03  0.968033075    
  -6.84000492       1.99680519E-03  0.955286503    
  -6.80000496       2.01049843E-03  0.951489627    
  -6.76000500       2.04760302E-03  0.953260720    
  -6.72000504       2.09689001E-03  0.955036819    
  -6.68000507       2.10018130E-03  0.954790056    
  -6.64000511       2.17314856E-03  0.956250131    
  -6.60000515       2.19148048E-03  0.956717491    
  -6.56000519       2.22591567E-03  0.958047628    
  -6.52000523       2.24824157E-03  0.957021117    
  -6.48000526       2.33556586E-03  0.959871829    
  -6.44000530       2.36708368E-03  0.960150719    
  -6.40000534       2.45345640E-03  0.959893703    
  -6.36000538       2.48798123E-03  0.961104035    
  -6.32000542       2.55824160E-03  0.962137878    
  -6.28000546       2.61474517E-03  0.963809431    
  -6.24000549       2.67696031E-03  0.962843478    
  -6.20000553       2.77843489E-03  0.963511765    
  -6.16000557       2.82395398E-03  0.964326978    
  -6.12000561       2.90869433E-03  0.964266479    
  -6.08000565       2.99754529E-03  0.964176357    
  -6.04000568       3.11448798E-03  0.964932203    
  -6.00000572       3.49552301E-03  0.927858412    
  -5.96000576       3.86064430E-03  0.903744876    
  -5.92000580       4.16846480E-03  0.894647062    
  -5.88000584       4.49888268E-03  0.884140491    
  -5.84000587       4.71574487E-03  0.881085455    
  -5.80000591       5.01257414E-03  0.874370337    
  -5.76000595       5.34600904E-03  0.871557832    
  -5.72000599       5.66959893E-03  0.862446725    
  -5.68000603       6.29820814E-03  0.839209795    
  -5.64000607       6.60276739E-03  0.825868785    
  -5.60000610       6.55886903E-03  0.823616445    
  -5.56000614       6.70986064E-03  0.821213424    
  -5.52000618       6.72755996E-03  0.819837868    
  -5.48000622       6.73748739E-03  0.819141507    
  -5.44000626       6.77782111E-03  0.816975653    
  -5.40000629       6.85037533E-03  0.815039992    
  -5.36000633       6.89664530E-03  0.813455403    
  -5.32000637       7.01025501E-03  0.813581049    
  -5.28000641       7.00321048E-03  0.812612116    
  -5.24000645       7.04294443E-03  0.810610592    
  -5.20000648       7.11756246E-03  0.809987009    
  -5.16000652       7.21196365E-03  0.806125283    
  -5.12000656       7.22800475E-03  0.806122839    
  -5.08000660       7.24181021E-03  0.805420280    
  -5.04000664       7.31870020E-03  0.803161919    
  -5.00000668       7.35988468E-03  0.801780462    
  -4.96000671       7.48014962E-03  0.798301935    
  -4.92000675       7.50971120E-03  0.799166679    
  -4.88000679       7.57508352E-03  0.798569679    
  -4.84000683       7.48632103E-03  0.801474273    
  -4.80000687       7.21589103E-03  0.809310794    
  -4.76000690       7.13119004E-03  0.814099073    
  -4.72000694       7.04978034E-03  0.815759778    
  -4.68000698       6.96535362E-03  0.818075061    
  -4.64000702       6.95597194E-03  0.818901002    
  -4.60000706       6.88595185E-03  0.818678379    
  -4.56000710       6.81170588E-03  0.819565058    
  -4.52000713       6.76894141E-03  0.819051325    
  -4.48000717       6.76429505E-03  0.818605483    
  -4.44000721       6.68516383E-03  0.816688597    
  -4.40000725       6.67706877E-03  0.817501605    
  -4.36000729       6.58013159E-03  0.818942904    
  -4.32000732       6.51957607E-03  0.815771341    
  -4.28000736       6.43382221E-03  0.815555811    
  -4.24000740       6.45788759E-03  0.814217031    
  -4.20000744       6.41880045E-03  0.811112523    
  -4.16000748       6.33368688E-03  0.810305834    
  -4.12000751       6.24512136E-03  0.809400260    
  -4.08000755       6.18358189E-03  0.806682885    
  -4.04000759       6.15826063E-03  0.804495454    
  -4.00000763       6.08471595E-03  0.803354979    
  -3.96000767       5.98532846E-03  0.799366295    
  -3.92000771       6.10860670E-03  0.801878273    
  -3.88000774       9.18238983E-03  0.861991584    
  -3.84000778       1.20701836E-02  0.889326274    
  -3.80000782       1.42443040E-02  0.902272284    
  -3.76000786       1.57995056E-02  0.907706678    
  -3.72000790       1.70947760E-02  0.911638141    
  -3.68000793       1.86293516E-02  0.903103054    
  -3.64000797       2.15154830E-02  0.864785671    
  -3.60000801       2.33104024E-02  0.847958982    
  -3.56000805       2.47519240E-02  0.836320281    
  -3.52000809       2.60550827E-02  0.827233970    
  -3.48000813       2.71088500E-02  0.820723236    
  -3.44000816       2.84837428E-02  0.815423369    
  -3.40000820       2.91533433E-02  0.807777822    
  -3.36000824       2.96660233E-02  0.800098658    
  -3.32000828       3.05819679E-02  0.799532890    
  -3.28000832       3.14561687E-02  0.793913782    
  -3.24000835       3.22991796E-02  0.788460374    
  -3.20000839       3.31330970E-02  0.785243988    
  -3.16000843       3.37975733E-02  0.777598023    
  -3.12000847       3.41749527E-02  0.774442792    
  -3.08000851       3.48179862E-02  0.769828916    
  -3.04000854       3.54138874E-02  0.767366290    
  -3.00000858       3.58254835E-02  0.763107657    
  -2.96000862       3.68081145E-02  0.756752312    
  -2.92000866       3.74020450E-02  0.756258607    
  -2.88000870       3.78730781E-02  0.751041055    
  -2.84000874       3.82518023E-02  0.746999621    
  -2.80000877       3.85268703E-02  0.746834934    
  -2.76000881       3.91470790E-02  0.741555095    
  -2.72000885       4.02513705E-02  0.735872746    
  -2.68000889       4.09714058E-02  0.731347263    
  -2.64000893       4.25924212E-02  0.724419594    
  -2.60000896       4.47316840E-02  0.716983914    
  -2.56000900       4.60184142E-02  0.710367084    
  -2.52000904       4.68498357E-02  0.707540452    
  -2.48000908       4.71729338E-02  0.706119835    
  -2.44000912       4.83818166E-02  0.706954598    
  -2.40000916       4.84646372E-02  0.703505933    
  -2.36000919       4.91665266E-02  0.702788472    
  -2.32000923       4.97537665E-02  0.701706946    
  -2.28000927       5.10483347E-02  0.697077274    
  -2.24000931       5.21743745E-02  0.694916606    
  -2.20000935       5.35641387E-02  0.692214608    
  -2.16000938       5.53306453E-02  0.689009011    
  -2.12000942       5.68053536E-02  0.686938882    
  -2.08000946       5.83686307E-02  0.686811388    
  -2.04000950       5.90099730E-02  0.686806142    
  -2.00000954       6.01957031E-02  0.688421369    
  -1.96000957       6.16856627E-02  0.688798726    
  -1.92000961       6.44803792E-02  0.688968897    
  -1.88000965       6.61498606E-02  0.691075206    
  -1.84000969       6.88933060E-02  0.691318035    
  -1.80000973       7.17217997E-02  0.694409847    
  -1.76000977       7.51913935E-02  0.698905051    
  -1.72000980       7.91793987E-02  0.704300046    
  -1.68000984       8.37481394E-02  0.711113930    
  -1.64000988       8.89915898E-02  0.719857812    
  -1.60000992       9.52782109E-02  0.732604921    
  -1.56000996      0.104621880      0.746422172    
  -1.52000999      0.111582145      0.759002447    
  -1.48001003      0.120516278      0.772487521    
  -1.44001007      0.121019945      0.772682786    
  -1.40001011      0.119940989      0.770827830    
  -1.36001015      0.119472161      0.769186318    
  -1.32001019      0.119166173      0.766873419    
  -1.28001022      0.118529849      0.765274823    
  -1.24001026      0.118216664      0.761810660    
  -1.20001030      0.119454414      0.755544662    
  -1.16001034      0.119669415      0.751152813    
  -1.12001038      0.118243277      0.750649989    
  -1.08001041      0.116743743      0.747011721    
  -1.04001045      0.115573838      0.746651649    
  -1.00001049      0.115154736      0.744231462    
 -0.960010469      0.113221936      0.742747426    
 -0.920010448      0.111207835      0.740728676    
 -0.880010426      0.108914115      0.742755413    
 -0.840010405      0.103726692      0.747938752    
 -0.800010383      0.104221940      0.748257816    
 -0.760010362      0.104234368      0.747141123    
 -0.720010340      0.103766784      0.744578242    
 -0.680010319      0.103599310      0.742134452    
 -0.640010297      0.103899732      0.741213322    
 -0.600010276      0.103907160      0.739231527    
 -0.560010254      0.103375740      0.738741815    
 -0.520010233      0.102811985      0.735836565    
 -0.480010241      0.103528589      0.733970046    
 -0.440010250      0.102163762      0.732628226    
 -0.400010258      0.102982938      0.731845915    
 -0.360010266      0.103324607      0.730302691    
 -0.320010275      0.102700770      0.727021754    
 -0.280010283      0.103372730      0.725397706    
 -0.240010291      0.103665486      0.722876489    
 -0.200010300      0.104249001      0.720709145    
 -0.160010308      0.104924701      0.718025446    
 -0.120010309      0.104147501      0.714840770    
  -8.00103098E-02  0.104397081      0.713781655    
  -4.00103107E-02  0.105049007      0.710598409    
  -1.03116035E-05  0.104609080      0.706709504    
   3.99896875E-02  0.104763314      0.704924524    
   7.99896866E-02  0.104844175      0.701663315    
  0.119989686      0.104816340      0.700555384    
  0.159989685      0.105676003      0.699425876    
  0.199989676      0.106139563      0.698071539    
  0.239989668      0.106135711      0.696493983    
  0.279989660      0.106267110      0.694872260    
  0.319989651      0.106361851      0.692418516    
  0.359989643      0.106748059      0.691828609    
  0.399989635      0.106263652      0.690653622    
  0.439989626      0.106626108      0.687936842    
  0.479989618      0.106768534      0.687622666    
  0.519989610      0.107344612      0.686721027    
  0.559989631      0.107007802      0.685906172    
  0.599989653      0.106884472      0.684578300    
  0.639989674      0.107345268      0.683070362    
  0.679989696      0.107566744      0.682072699    
  0.719989717      0.107621476      0.681196511    
  0.759989738      0.106982112      0.680721760    
  0.799989760      0.109235398      0.678672552    
  0.839989781      0.113798037      0.671808660    
  0.879989803      0.115833715      0.670195818    
  0.919989824      0.118287519      0.670099139    
  0.959989846      0.118977867      0.671144366    
  0.999989867      0.120868370      0.669878304    
   1.03998983      0.121468820      0.671650410    
   1.07998979      0.123092711      0.672499359    
   1.11998975      0.123349227      0.672464967    
   1.15998971      0.124040194      0.674089432    
   1.19998968      0.121863373      0.677998304    
   1.23998964      0.121868558      0.679642618    
   1.27998960      0.121501848      0.681181788    
   1.31998956      0.121277630      0.682880700    
   1.35998952      0.121604048      0.683275044    
   1.39998949      0.121550798      0.684698522    
   1.43998945      0.121896259      0.685880482    
   1.47998941      0.121491104      0.687117219    
   1.51998937      0.121330202      0.687708199    
   1.55998933      0.121313676      0.688502908    
   1.59998930      0.121511973      0.688647389    
   1.63998926      0.121096328      0.689858079    
   1.67998922      0.121016160      0.690802693    
   1.71998918      0.121802069      0.691893637    
   1.75998914      0.121931918      0.692168891    
   1.79998910      0.120832354      0.693246782    
   1.83998907      0.120583460      0.693930745    
   1.87998903      0.120839059      0.694456995    
   1.91998899      0.120716810      0.694182277    
   1.95998895      0.120916188      0.695130348    
   1.99998891      0.122159958      0.694615245    
   2.03998899      0.121555157      0.694372833    
   2.07998896      0.122602507      0.694324315    
   2.11998892      0.122807093      0.694190621    
   2.15998888      0.123321444      0.695723534    
   2.19998884      0.122877374      0.695953429    
   2.23998880      0.123164751      0.696529388    
   2.27998877      0.123531453      0.696430683    
   2.31998873      0.123205304      0.696920156    
   2.35998869      0.123757221      0.697480679    
   2.39998865      0.123826161      0.698302984    
   2.43998861      0.123913832      0.699407041    
   2.47998857      0.124233730      0.700527966    
   2.51998854      0.123755381      0.700592220    
   2.55998850      0.121517077      0.702727675    
   2.59998846      0.117284589      0.708512545    
   2.63998842      0.114907444      0.712856352    
   2.67998838      0.113634594      0.714851856    
   2.71998835      0.111405693      0.717901468    
   2.75998831      0.109957851      0.719091296    
   2.79998827      0.109506540      0.719560385    
   2.83998823      0.109393992      0.720352888    
   2.87998819      0.108638257      0.719346583    
   2.91998816      0.108314633      0.720595777    
   2.95998812      0.107050039      0.722788990    
   2.99998808      0.106397472      0.724192739    
   3.03998804      0.105821960      0.725895584    
   3.07998800      0.104823440      0.727871299    
   3.11998796      0.104311161      0.728753150    
   3.15998793      0.103611782      0.730067253    
   3.19998789      0.103393354      0.731605649    
   3.23998785      0.102288835      0.734618545    
   3.27998781      0.101199143      0.736314416    
   3.31998777       9.98829752E-02  0.737735808    
   3.35998774       9.91334021E-02  0.739367306    
   3.39998770       9.84453410E-02  0.741914988    
   3.43998766       9.73819718E-02  0.743826747    
   3.47998762       9.55899060E-02  0.745317101    
   3.51998758       9.41309258E-02  0.748295784    
   3.55998755       9.29032788E-02  0.751009285    
   3.59998751       9.09110159E-02  0.753641665    
   3.63998747       8.84347409E-02  0.759377539    
   3.67998743       8.76392573E-02  0.761946738    
   3.71998739       8.82398337E-02  0.762162745    
   3.75998735       8.83029401E-02  0.763388455    
   3.79998732       8.86506811E-02  0.764343381    
   3.83998728       8.93394127E-02  0.764898777    
   3.87998724       8.89934599E-02  0.765593708    
   3.91998720       8.91799852E-02  0.765447617    
   3.95998716       8.91907364E-02  0.767167687    
   3.99998713       8.97889882E-02  0.767266333    
   4.03998709       9.00630504E-02  0.767935693    
   4.07998705       8.94895792E-02  0.769062221    
   4.11998701       9.01449770E-02  0.770205796    
   4.15998697       9.04299840E-02  0.770894587    
   4.19998693       9.09290537E-02  0.772059143    
   4.23998690       9.08841416E-02  0.772849679    
   4.27998686       9.05867741E-02  0.773041189    
   4.31998682       9.10726935E-02  0.773095846    
   4.35998678       9.12913606E-02  0.774210691    
   4.39998674       9.13489833E-02  0.776115000    
   4.43998671       9.17373821E-02  0.776525855    
   4.47998667       9.16536301E-02  0.776938438    
   4.51998663       9.15257782E-02  0.778239667    
   4.55998659       9.24216434E-02  0.778305590    
   4.59998655       9.24502909E-02  0.780524492    
   4.63998652       9.24502313E-02  0.781623244    
   4.67998648       9.21492577E-02  0.781600416    
   4.71998644       9.30012539E-02  0.781761885    
   4.75998640       9.30802375E-02  0.783448815    
   4.79998636       9.28648636E-02  0.784045875    
   4.83998632       9.28928256E-02  0.784814775    
   4.87998629       9.33333635E-02  0.785929680    
   4.91998625       9.33604911E-02  0.787795305    
   4.95998621       9.34366956E-02  0.788721085    
   4.99998617       9.33998674E-02  0.789704144    
   5.03998613       9.32243243E-02  0.791664362    
   5.07998610       9.31028500E-02  0.793383181    
   5.11998606       9.28063765E-02  0.794779718    
   5.15998602       9.32272673E-02  0.796267748    
   5.19998598       9.34681594E-02  0.797780275    
   5.23998594       9.32721868E-02  0.799204469    
   5.27998590       9.35059860E-02  0.802278638    
   5.31998587       9.32259709E-02  0.802224398    
   5.35998583       9.31163281E-02  0.804630160    
   5.39998579       9.26668718E-02  0.806150675    
   5.43998575       9.09908414E-02  0.811158478    
   5.47998571       8.94089341E-02  0.815039217    
   5.51998568       8.87333527E-02  0.818981946    
   5.55998564       8.76819119E-02  0.821890652    
   5.59998560       8.65550190E-02  0.827297509    
   5.63998556       8.65736678E-02  0.830565333    
   5.67998552       8.42857063E-02  0.835508227    
   5.71998549       8.38944316E-02  0.837909639    
   5.75998545       8.43407512E-02  0.839735568    
   5.79998541       8.39578584E-02  0.841055334    
   5.83998537       8.37871283E-02  0.843377531    
   5.87998533       8.34266767E-02  0.844067991    
   5.91998529       8.34325925E-02  0.846263111    
   5.95998526       8.36632624E-02  0.848806322    
   5.99998522       8.32943171E-02  0.849729121    
   6.03998518       8.35436732E-02  0.850466073    
   6.07998514       8.30900595E-02  0.853084266    
   6.11998510       8.35095271E-02  0.853708267    
   6.15998507       8.31402838E-02  0.854877949    
   6.19998503       8.37779567E-02  0.854615033    
   6.23998499       8.40305462E-02  0.856236339    
   6.27998495       8.37151185E-02  0.856874466    
   6.31998491       8.42142031E-02  0.857420206    
   6.35998487       8.44801590E-02  0.858339608    
   6.39998484       8.50977898E-02  0.859267056    
   6.43998480       8.43792036E-02  0.859986722    
   6.47998476       8.51484537E-02  0.862357616    
   6.51998472       8.54761973E-02  0.862103999    
   6.55998468       8.55619013E-02  0.863091528    
   6.59998465       8.55122507E-02  0.863579392    
   6.63998461       8.53967965E-02  0.864606023    
   6.67998457       8.59578028E-02  0.865376294    
   6.71998453       8.61209109E-02  0.865512490    
   6.75998449       8.60619694E-02  0.865539491    
   6.79998446       7.47534260E-02  0.850287974    
   6.83998442       6.15531430E-02  0.827525973    
   6.87998438       4.41296548E-02  0.780045569    
   6.91998434       3.70607935E-02  0.751120925    
   6.95998430       3.09936441E-02  0.727251053    
   6.99998426       2.64046136E-02  0.704903007    
   7.03998423       2.24717986E-02  0.683562040    
   7.07998419       1.93791892E-02  0.663577497    
   7.11998415       1.67131592E-02  0.647971809    
   7.15998411       1.43648386E-02  0.632664025    
   7.19998407       1.20976623E-02  0.621888936    
   7.23998404       1.03651313E-02  0.610559762    
   7.27998400       8.71327799E-03  0.602697849    
   7.31998396       7.43776467E-03  0.599572420    
   7.35998392       6.57170918E-03  0.600347340    
   7.39998388       5.73408650E-03  0.604406595    
   7.43998384       4.93829045E-03  0.609742224    
   7.47998381       4.05522902E-03  0.627054811    
   7.51998377       3.42423376E-03  0.641022503    
   7.55998373       2.62683933E-03  0.678915918    
   7.59998369       2.02537351E-03  0.725002825    
   7.63998365       1.46782247E-03  0.796710789    
   7.67998362       9.42324928E-04  0.950771272    
   7.71998358       8.39289802E-04  0.997155964    
   7.75998354       8.18450935E-04  0.997284293    
   7.79998350       7.98625697E-04  0.997508049    
   7.83998346       7.90318998E-04  0.997726858    
   7.87998343       7.59215152E-04  0.997859836    
   7.91998339       7.41134863E-04  0.997946620    
   7.95998335       7.26619153E-04  0.998075664    
   7.99998331       7.15744973E-04  0.998242676    
   8.03998375       6.90668647E-04  0.998346508    
   8.07998371       6.82387094E-04  0.998369873    
   8.11998367       6.72619790E-04  0.998502851    
   8.15998363       6.45292574E-04  0.998588264    
   8.19998360       6.22472842E-04  0.998674154    
   8.23998356       6.19574043E-04  0.998725474    
   8.27998352       5.99104387E-04  0.998791575    
   8.31998348       5.82670153E-04  0.998876989    
   8.35998344       5.80165884E-04  0.998928368    
   8.39998341       5.62078028E-04  0.998973608    
   8.43998337       5.58353961E-04  0.999030650    
   8.47998333       5.41956513E-04  0.999060690    
   8.51998329       5.33650455E-04  0.999119878    
   8.55998325       5.21390233E-04  0.999155045    
   8.59998322       5.15196996E-04  0.999195397    
   8.63998318       4.92784544E-04  0.999232411    
   8.67998314       4.78507398E-04  0.999265552    
   8.71998310       4.72864223E-04  0.999302626    
   8.75998306       4.65134159E-04  0.999331892    
   8.79998302       4.59905190E-04  0.999365091    
   8.83998299       4.50000021E-04  0.999401331    
   8.87998295       4.41198616E-04  0.999425530    
   8.91998291       4.30383778E-04  0.999446571    
   8.95998287       4.24051541E-04  0.999470055    
   8.99998283       4.14690381E-04  0.999485612    
   9.03998280       4.04996827E-04  0.999508619    
   9.07998276       4.02802980E-04  0.999532223    
   9.11998272       3.89796827E-04  0.999547660    
   9.15998268       3.88391316E-04  0.999559879    
   9.19998264       3.79742414E-04  0.999586105    
   9.23998260       3.71806585E-04  0.999599099    
   9.27998257       3.60030826E-04  0.999618769    
   9.31998253       3.55509896E-04  0.999624431    
   9.35998249       3.45264416E-04  0.999639034    
   9.39998245       3.38069745E-04  0.999654591    
   9.43998241       3.35334393E-04  0.999674439    
   9.47998238       3.27631191E-04  0.999682188    
   9.51998234       3.21495900E-04  0.999692500    
   9.55998230       3.19029234E-04  0.999701619    
   9.59998226       3.10919044E-04  0.999711275    
   9.63998222       3.06300237E-04  0.999725699    
   9.67998219       3.02038330E-04  0.999733448    
   9.71998215       2.96925980E-04  0.999747694    
   9.75998211       2.91467790E-04  0.999750197    
   9.79998207       2.85883376E-04  0.999761283    
   9.83998203       2.80721084E-04  0.999764681    
   9.87998199       2.75107246E-04  0.999781013    
   9.91998196       2.70222081E-04  0.999783158    
   9.95998192       2.69682932E-04  0.999793589    
   9.99998188       2.61882728E-04  0.999794841    
   10.0399818       2.56753294E-04  0.999802172    
   10.0799818       2.50453595E-04  0.999808967    
   10.1199818       2.52318016E-04  0.999817967    
   10.1599817       2.42653579E-04  0.999823868    
   10.1999817       2.42796203E-04  0.999829888    
   10.2399817       2.36357126E-04  0.999832034    
   10.2799816       2.31875150E-04  0.999835908    
   10.3199816       2.27909914E-04  0.999839783    
   10.3599815       2.22736911E-04  0.999849677    
   10.3999815       2.23328927E-04  0.999852479    
   10.4399815       2.15743421E-04  0.999855876    
   10.4799814       2.14251195E-04  0.999859989    
   10.5199814       2.13240157E-04  0.999864399    
   10.5599813       2.08524812E-04  0.999865413    
   10.5999813       2.07515521E-04  0.999871194    
   10.6399813       2.04975469E-04  0.999876261    
   10.6799812       2.01952120E-04   1.00027323    
   10.7199812       2.00242401E-04   1.00120544    
   10.7599812       1.94288630E-04   1.00246608    
   10.7999811       1.93559186E-04   1.00366044    
   10.8399811       1.91567582E-04   1.00488663    
   10.8799810       1.86446312E-04   1.00659871    
   10.9199810       1.84945369E-04   1.00807989    
   10.9599810       1.81478448E-04   1.00976396    
   10.9999809       1.79328679E-04   1.01198232    
   11.0399809       1.80199364E-04   1.01326227    
   11.0799809       1.74131739E-04   1.01464260    
   11.1199808       1.73532084E-04   1.01708198    
   11.1599808       1.70399100E-04   1.01823771    
   11.1999807       1.68902276E-04   1.02238643    
   11.2399807       1.69851526E-04   1.02351344    
   11.2799807       1.67041275E-04   1.02530015    
   11.3199806       1.62109049E-04   1.02769613    
   11.3599806       1.61346383E-04   1.03025305    
   11.3999805       1.58292562E-04   1.03419399    
   11.4399805       1.58455063E-04   1.03686512    
   11.4799805       1.54793728E-04   1.03975737    
   11.5199804       1.54033827E-04   1.04273736    
   11.5599804       1.50357708E-04   1.04845452    
   11.5999804       1.53603178E-04   1.04785728    
   11.6399803       1.48309424E-04   1.05355966    
   11.6799803       1.47371495E-04   1.05719912    
   11.7199802       1.46246588E-04   1.06191123    
   11.7599802       1.45199680E-04   1.06601167    
   11.7999802       1.43270227E-04   1.06885779    
   11.8399801       1.42815043E-04   1.07465422    
   11.8799801       1.42948280E-04   1.07869792    
   11.9199800       1.40959819E-04   1.08164752    
   11.9599800       1.40214237E-04   1.08922637    
