 # 2site DOS and GIPR created by main.f90 with subroutines in routines.f90
 #
# parameters: U =  4.00  t = -1.00  W = 12.00
# nbins = 600     ensemble size =    10000000
 #
 # Filling:  0.224104106    
 # Filling Error:   3.87352845E-03
 #
 #  Frequency           DOS            GIPR
  -12.0000000       5.16746877E-06  0.500000000    
  -11.9600000       5.66007930E-06  0.500000000    
  -11.9200001       6.19006960E-06  0.500000000    
  -11.8800001       6.32208457E-06  0.500000000    
  -11.8400002       6.78640890E-06  0.500000000    
  -11.8000002       7.06824540E-06  0.500000000    
  -11.7600002       7.46974956E-06  0.500000000    
  -11.7200003       8.06142816E-06  0.500000000    
  -11.6800003       8.21192043E-06  0.500000000    
  -11.6400003       8.99694169E-06  0.500000000    
  -11.6000004       9.25145105E-06  0.500000000    
  -11.5600004       9.39794973E-06  0.500000000    
  -11.5200005       9.38583798E-06  0.500000000    
  -11.4800005       9.88745705E-06  0.500000000    
  -11.4400005       1.02196664E-05   1.08941829    
  -11.4000006       1.05214531E-05   1.08376968    
  -11.3600006       1.03386337E-05   1.10748982    
  -11.3200006       1.05654153E-05   1.09046245    
  -11.2800007       1.08473296E-05   1.12191808    
  -11.2400007       1.11060444E-05   1.12538123    
  -11.2000008       1.10762394E-05   1.08727515    
  -11.1600008       1.16218735E-05   1.10245478    
  -11.1200008       1.17545687E-05   1.07889497    
  -11.0800009       1.20798804E-05   1.08171237    
  -11.0400009       1.22403299E-05   1.07285392    
  -11.0000010       1.28833499E-05   1.09784973    
  -10.9600010       1.31208144E-05   1.08937299    
  -10.9200010       1.28163820E-05   1.07938993    
  -10.8800011       1.33265876E-05   1.08467793    
  -10.8400011       1.37344605E-05   1.08187413    
  -10.8000011       1.39783288E-05   1.06434715    
  -10.7600012       1.41376449E-05   1.08648419    
  -10.7200012       1.50673513E-05   1.07344210    
  -10.6800013       1.48188965E-05   1.04243565    
  -10.6400013       1.54891877E-05   1.05736351    
  -10.6000013       1.59346619E-05   1.07490540    
  -10.5600014       1.55438611E-05   1.07061028    
  -10.5200014       1.62543602E-05   1.09610009    
  -10.4800014       1.64033190E-05   1.09292769    
  -10.4400015       1.69096420E-05   1.06847572    
  -10.4000015       1.74835532E-05   1.08170021    
  -10.3600016       1.76588146E-05   1.10785306    
  -10.3200016       1.82472177E-05   1.07185745    
  -10.2800016       1.95357861E-05   1.08013725    
  -10.2400017       1.96704441E-05   1.08858073    
  -10.2000017       1.96125693E-05   1.04928231    
  -10.1600018       2.04977496E-05   1.06505704    
  -10.1200018       2.09215323E-05   1.07106018    
  -10.0800018       2.12489340E-05   1.06619215    
  -10.0400019       2.18945024E-05   1.06544518    
  -10.0000019       2.21262490E-05   1.07113075    
  -9.96000195       2.24002270E-05   1.04535365    
  -9.92000198       2.31478825E-05   1.04978287    
  -9.88000202       2.32280527E-05   1.05976641    
  -9.84000206       2.50575977E-05   1.06643355    
  -9.80000210       2.44302737E-05   1.06255293    
  -9.76000214       2.65621748E-05   1.06501448    
  -9.72000217       2.71973167E-05   1.06930208    
  -9.68000221       2.79068026E-05   1.04903626    
  -9.64000225       2.86579707E-05   1.06179750    
  -9.60000229       2.85988008E-05   1.04507494    
  -9.56000233       2.94469701E-05   1.04799235    
  -9.52000237       3.06500733E-05   1.03979206    
  -9.48000240       3.05831018E-05   1.06032002    
  -9.44000244       3.32915843E-05   1.04871702    
  -9.40000248       3.29588329E-05   1.04195118    
  -9.36000252       3.35105797E-05   1.04348743    
  -9.32000256       3.43273023E-05   1.04990983    
  -9.28000259       3.54054209E-05   1.05550897    
  -9.24000263       3.69222689E-05   1.05083025    
  -9.20000267       3.79361991E-05   1.05514622    
  -9.16000271       3.88657136E-05   1.04940140    
  -9.12000275       4.13324778E-05   1.05177748    
  -9.08000278       4.09770619E-05   1.03879547    
  -9.04000282       4.27516497E-05   1.04025793    
  -9.00000286       4.42542005E-05   1.04040968    
  -8.96000290       4.51454980E-05   1.04212856    
  -8.92000294       4.63560973E-05   1.04295170    
  -8.88000298       4.83794793E-05   1.02918386    
  -8.84000301       5.06394535E-05   1.01775897    
  -8.80000305       5.13037885E-05   1.01920664    
  -8.76000309       5.32690647E-05   1.03439176    
  -8.72000313       5.47390700E-05   1.04041755    
  -8.68000317       5.62633795E-05   1.03021348    
  -8.64000320       5.84313711E-05   1.02515674    
  -8.60000324       5.90336531E-05   1.02647257    
  -8.56000328       6.02559521E-05   1.03089023    
  -8.52000332       6.36786353E-05   1.03396428    
  -8.48000336       6.79717778E-05   1.02561820    
  -8.44000340       6.80497178E-05   1.02734864    
  -8.40000343       6.98622462E-05   1.02211523    
  -8.36000347       7.21904871E-05   1.02460229    
  -8.32000351       7.67090896E-05   1.02283800    
  -8.28000355       7.72222556E-05   1.02812278    
  -8.24000359       8.22881120E-05   1.01742840    
  -8.20000362       8.45059039E-05   1.02238560    
  -8.16000366       8.72707678E-05   1.02424419    
  -8.12000370       9.00604209E-05   1.01400554    
  -8.08000374       9.26843713E-05   1.01700282    
  -8.04000378       9.58067176E-05   1.01741827    
  -8.00000381       1.01147838E-04   1.01637352    
  -7.96000385       1.06449399E-04   1.01058948    
  -7.92000389       1.07087217E-04   1.02026761    
  -7.88000393       1.15010575E-04   1.01426685    
  -7.84000397       1.15176546E-04   1.01187527    
  -7.80000401       1.21613302E-04   1.01418650    
  -7.76000404       1.25639970E-04   1.01465619    
  -7.72000408       1.29092688E-04   1.01285875    
  -7.68000412       1.38013464E-04   1.01450205    
  -7.64000416       1.45539379E-04   1.01096034    
  -7.60000420       1.45356884E-04   1.01045895    
  -7.56000423       1.51015294E-04   1.01000059    
  -7.52000427       1.62469907E-04   1.01126218    
  -7.48000431       1.63007731E-04   1.00896084    
  -7.44000435       1.76948364E-04   1.00920844    
  -7.40000439       1.78945353E-04   1.00936019    
  -7.36000443       1.90626495E-04   1.00819540    
  -7.32000446       1.99911330E-04   1.00707543    
  -7.28000450       2.09480684E-04   1.00749362    
  -7.24000454       2.18764879E-04   1.00588560    
  -7.20000458       2.31246697E-04   1.00430357    
  -7.16000462       2.45095027E-04   1.00724161    
  -7.12000465       2.50971003E-04   1.00562143    
  -7.08000469       2.60110042E-04   1.00422692    
  -7.04000473       2.71699304E-04   1.00349402    
  -7.00000477       2.96321959E-04   1.00533605    
  -6.96000481       2.99630919E-04   1.00381577    
  -6.92000484       3.21023341E-04   1.00467515    
  -6.88000488       3.36646510E-04   1.00476718    
  -6.84000492       3.56778153E-04   1.00335526    
  -6.80000496       3.73179413E-04   1.00401425    
  -6.76000500       4.00620978E-04   1.00303912    
  -6.72000504       4.22981218E-04   1.00304627    
  -6.68000507       4.57444054E-04   1.00223219    
  -6.64000511       4.90661187E-04   1.00239432    
  -6.60000515       5.32561971E-04   1.00165606    
  -6.56000519       5.41448011E-04   1.00177145    
  -6.52000523       5.93686360E-04   1.00083780    
  -6.48000526       6.42874104E-04  0.999926507    
  -6.44000530       7.00710749E-04  0.999803185    
  -6.40000534       7.27637089E-04  0.998489916    
  -6.36000538       8.15476989E-04  0.997168899    
  -6.32000542       8.67912546E-04  0.995159268    
  -6.28000546       9.44678730E-04  0.992941380    
  -6.24000549       1.06930092E-03  0.983173370    
  -6.20000553       1.24937994E-03  0.950201333    
  -6.16000557       1.39828597E-03  0.935022771    
  -6.12000561       1.48094632E-03  0.936939597    
  -6.08000565       1.53283367E-03  0.940141618    
  -6.04000568       1.59882219E-03  0.946856380    
  -6.00000572       1.73440319E-03  0.947436512    
  -5.96000576       1.83760293E-03  0.952105582    
  -5.92000580       1.97996898E-03  0.956785023    
  -5.88000584       2.21420196E-03  0.959684610    
  -5.84000587       2.41409009E-03  0.963099062    
  -5.80000591       3.50991031E-03  0.955718875    
  -5.76000595       4.24154988E-03  0.947515368    
  -5.72000599       4.51171072E-03  0.933674634    
  -5.68000603       5.04947314E-03  0.898651242    
  -5.64000607       5.22384979E-03  0.883256972    
  -5.60000610       5.24957431E-03  0.881475329    
  -5.56000614       5.16517274E-03  0.881321073    
  -5.52000618       5.18874777E-03  0.880952001    
  -5.48000622       5.13426866E-03  0.881287694    
  -5.44000626       5.17433230E-03  0.881033719    
  -5.40000629       5.19273058E-03  0.874921441    
  -5.36000633       5.28633222E-03  0.867562175    
  -5.32000637       5.35844080E-03  0.859561324    
  -5.28000641       5.41585591E-03  0.852788508    
  -5.24000645       5.48777543E-03  0.849317610    
  -5.20000648       5.56854112E-03  0.844344735    
  -5.16000652       5.59674017E-03  0.839329779    
  -5.12000656       5.61454520E-03  0.837544203    
  -5.08000660       5.70598710E-03  0.832475901    
  -5.04000664       5.75636839E-03  0.831070840    
  -5.00000668       5.76148042E-03  0.826077163    
  -4.96000671       5.82313305E-03  0.823592365    
  -4.92000675       5.79996873E-03  0.821626306    
  -4.88000679       5.89933386E-03  0.818684280    
  -4.84000683       5.77200949E-03  0.824514806    
  -4.80000687       5.57843409E-03  0.834066570    
  -4.76000690       5.50782681E-03  0.839148402    
  -4.72000694       5.37703699E-03  0.843071759    
  -4.68000698       5.27838711E-03  0.845529854    
  -4.64000702       5.13121951E-03  0.846556664    
  -4.60000706       5.07828547E-03  0.850506127    
  -4.56000710       5.00729959E-03  0.848622262    
  -4.52000713       4.99254744E-03  0.849621654    
  -4.48000717       4.93648555E-03  0.849089622    
  -4.44000721       4.82753152E-03  0.849328399    
  -4.40000725       4.72508091E-03  0.849657953    
  -4.36000729       4.69533820E-03  0.849579275    
  -4.32000732       4.59536072E-03  0.848257899    
  -4.28000736       4.59893839E-03  0.848706365    
  -4.24000740       4.39102435E-03  0.848042548    
  -4.20000744       4.38023917E-03  0.847077668    
  -4.16000748       4.27709194E-03  0.846757352    
  -4.12000751       4.23576962E-03  0.845803559    
  -4.08000755       4.15720046E-03  0.845423520    
  -4.04000759       4.12195548E-03  0.843532681    
  -4.00000763       4.01075510E-03  0.842908919    
  -3.96000767       3.93323600E-03  0.845952451    
  -3.92000771       5.76869678E-03  0.887799442    
  -3.88000774       1.01456754E-02  0.928242683    
  -3.84000778       1.31269880E-02  0.938371420    
  -3.80000782       1.54690752E-02  0.944521606    
  -3.76000786       1.68955866E-02  0.945942044    
  -3.72000790       1.82257015E-02  0.946785212    
  -3.68000793       1.97138898E-02  0.936003029    
  -3.64000797       2.26379447E-02  0.897897542    
  -3.60000801       2.46072635E-02  0.878106415    
  -3.56000805       2.59452630E-02  0.865321994    
  -3.52000809       2.72791237E-02  0.856916666    
  -3.48000813       2.84530371E-02  0.849971771    
  -3.44000816       2.95156967E-02  0.844365180    
  -3.40000820       3.05685624E-02  0.835064173    
  -3.36000824       3.13615911E-02  0.829313397    
  -3.32000828       3.24259289E-02  0.823145032    
  -3.28000832       3.28235440E-02  0.819367707    
  -3.24000835       3.33002992E-02  0.816458404    
  -3.20000839       3.38507928E-02  0.816901624    
  -3.16000843       3.46143395E-02  0.812021673    
  -3.12000847       3.47959362E-02  0.811661065    
  -3.08000851       3.53432409E-02  0.807925165    
  -3.04000854       3.59021164E-02  0.804123878    
  -3.00000858       3.64821926E-02  0.801663637    
  -2.96000862       3.64332721E-02  0.799773037    
  -2.92000866       3.71005759E-02  0.795921504    
  -2.88000870       3.73552218E-02  0.792603612    
  -2.84000874       3.76379378E-02  0.792300344    
  -2.80000877       3.81956510E-02  0.787242949    
  -2.76000881       3.88386622E-02  0.785176814    
  -2.72000885       3.90606672E-02  0.781976163    
  -2.68000889       3.92841697E-02  0.778825104    
  -2.64000893       4.00743075E-02  0.776766002    
  -2.60000896       4.01511900E-02  0.774435818    
  -2.56000900       4.01689671E-02  0.770451784    
  -2.52000904       4.07294743E-02  0.768963456    
  -2.48000908       4.11861427E-02  0.767002940    
  -2.44000912       4.16541994E-02  0.764415264    
  -2.40000916       4.19609472E-02  0.759310186    
  -2.36000919       4.24813554E-02  0.757882655    
  -2.32000923       4.27972116E-02  0.754800498    
  -2.28000927       4.33611423E-02  0.751637757    
  -2.24000931       4.34542969E-02  0.750856400    
  -2.20000935       4.38225828E-02  0.747496307    
  -2.16000938       4.42719087E-02  0.745269716    
  -2.12000942       4.44373749E-02  0.744621217    
  -2.08000946       4.47173268E-02  0.741579533    
  -2.04000950       4.52479161E-02  0.740397155    
  -2.00000954       4.54037450E-02  0.739589870    
  -1.96000957       4.59215827E-02  0.737815976    
  -1.92000961       4.60188985E-02  0.736271977    
  -1.88000965       4.67588454E-02  0.731775880    
  -1.84000969       4.72504646E-02  0.729069710    
  -1.80000973       4.79804948E-02  0.728183925    
  -1.76000977       4.84886169E-02  0.724797428    
  -1.72000980       4.92263250E-02  0.722869337    
  -1.68000984       4.97232787E-02  0.721069455    
  -1.64000988       5.06201535E-02  0.718693972    
  -1.60000992       5.08350171E-02  0.716545582    
  -1.56000996       5.21216020E-02  0.713108659    
  -1.52000999       5.25065064E-02  0.710346580    
  -1.48001003       5.30424826E-02  0.710401654    
  -1.44001007       5.41198440E-02  0.706891894    
  -1.40001011       5.55210486E-02  0.703997612    
  -1.36001015       5.63942157E-02  0.701049387    
  -1.32001019       5.79775833E-02  0.697579265    
  -1.28001022       5.95515557E-02  0.694049835    
  -1.24001026       6.17670156E-02  0.689419866    
  -1.20001030       6.34535626E-02  0.686093330    
  -1.16001034       6.59160316E-02  0.681825995    
  -1.12001038       6.67969137E-02  0.680669129    
  -1.08001041       6.84486181E-02  0.680702746    
  -1.04001045       7.03530610E-02  0.680535257    
  -1.00001049       7.24186078E-02  0.680965066    
 -0.960010469       7.46171251E-02  0.682860196    
 -0.920010448       7.65437707E-02  0.684888124    
 -0.880010426       7.57276043E-02  0.691489935    
 -0.840010405       7.35613853E-02  0.703399718    
 -0.800010383       7.54126161E-02  0.710782766    
 -0.760010362       7.84548819E-02  0.717683375    
 -0.720010340       8.15502107E-02  0.726201534    
 -0.680010319       8.63235667E-02  0.736423671    
 -0.640010297       9.26866755E-02  0.750119090    
 -0.600010276      0.101057254      0.767549753    
 -0.560010254      0.105914220      0.776409268    
 -0.520010233      0.105344228      0.773420274    
 -0.480010241      0.105158933      0.772324681    
 -0.440010250      0.104337260      0.770759702    
 -0.400010258      0.104353227      0.769274414    
 -0.360010266      0.104882300      0.767404199    
 -0.320010275      0.104721069      0.767116129    
 -0.280010283      0.104176275      0.764894962    
 -0.240010291      0.103917398      0.763216674    
 -0.200010300      0.104344711      0.762008667    
 -0.160010308      0.104188725      0.761007965    
 -0.120010309      0.103944167      0.757922947    
  -8.00103098E-02  0.103381269      0.757431567    
  -4.00103107E-02  0.103412859      0.755122483    
  -1.03116035E-05   9.68382135E-02  0.763291538    
   3.99896875E-02   9.77049842E-02  0.759721279    
   7.99896866E-02   9.83216390E-02  0.757712901    
  0.119989686       9.83440205E-02  0.754488170    
  0.159989685       9.93837193E-02  0.752658725    
  0.199989676       9.85180736E-02  0.749230206    
  0.239989668       9.97796357E-02  0.745978653    
  0.279989660       9.99339446E-02  0.743816793    
  0.319989651      0.100118853      0.739876032    
  0.359989643      0.100932263      0.738872647    
  0.399989635      0.101134151      0.735417545    
  0.439989626      0.100689277      0.734270573    
  0.479989618      0.101043344      0.731029212    
  0.519989610      0.101725377      0.728188217    
  0.559989631      0.101293065      0.726271987    
  0.599989653      0.101943478      0.723667860    
  0.639989674      0.102435872      0.721636236    
  0.679989696      0.103049591      0.717991531    
  0.719989717      0.103258178      0.716236651    
  0.759989738      0.103589535      0.713794112    
  0.799989760      0.105043478      0.710214794    
  0.839989781      0.109451637      0.701432049    
  0.879989803      0.112206034      0.698094666    
  0.919989824      0.114183895      0.695314288    
  0.959989846      0.116158754      0.694907784    
  0.999989867      0.117172003      0.694789946    
   1.03998983      0.118433930      0.694044292    
   1.07998979      0.119556807      0.693641126    
   1.11998975      0.120634608      0.693313122    
   1.15998971      0.121188365      0.693945348    
   1.19998968      0.119228780      0.696863055    
   1.23998964      0.119819194      0.697286904    
   1.27998960      0.118526258      0.699267447    
   1.31998956      0.119387701      0.699424028    
   1.35998952      0.119258173      0.700398147    
   1.39998949      0.119473159      0.701011896    
   1.43998945      0.119529016      0.702196360    
   1.47998941      0.119740620      0.701706529    
   1.51998937      0.119897306      0.702291369    
   1.55998933      0.119435124      0.701821983    
   1.59998930      0.119916782      0.702120364    
   1.63998926      0.119289838      0.702619851    
   1.67998922      0.119952254      0.703198493    
   1.71998918      0.119951338      0.703798890    
   1.75998914      0.120162375      0.703935504    
   1.79998910      0.120155320      0.703307211    
   1.83998907      0.120220721      0.704093099    
   1.87998903      0.120581523      0.704049349    
   1.91998899      0.120806344      0.704635620    
   1.95998895      0.120298028      0.704594433    
   1.99998891      0.121187069      0.703549087    
   2.03998899      0.122972675      0.703718841    
   2.07998896      0.123131745      0.702618480    
   2.11998892      0.123350665      0.702932417    
   2.15998888      0.123259611      0.703113675    
   2.19998884      0.123944730      0.703650773    
   2.23998880      0.123419963      0.703203678    
   2.27998877      0.124436036      0.703562856    
   2.31998873      0.124048516      0.704765320    
   2.35998869      0.125104979      0.704816818    
   2.39998865      0.124461651      0.704865873    
   2.43998861      0.125267521      0.706515670    
   2.47998857      0.125399292      0.705835223    
   2.51998854      0.125014767      0.706739008    
   2.55998850      0.123468094      0.709362745    
   2.59998846      0.119767129      0.714201152    
   2.63998842      0.116486408      0.717652261    
   2.67998838      0.114609547      0.721810460    
   2.71998835      0.113636948      0.723714828    
   2.75998831      0.112197585      0.725485742    
   2.79998827      0.111507304      0.724304855    
   2.83998823      0.111428544      0.724722385    
   2.87998819      0.111761682      0.725765884    
   2.91998816      0.110501394      0.726838171    
   2.95998812      0.109576143      0.728608787    
   2.99998808      0.109389000      0.728534102    
   3.03998804      0.109214745      0.730428517    
   3.07998800      0.107372917      0.731565714    
   3.11998796      0.107271180      0.732822597    
   3.15998793      0.107169501      0.734521031    
   3.19998789      0.105728105      0.736324906    
   3.23998785      0.104869485      0.737019658    
   3.27998781      0.103996903      0.738783121    
   3.31998777      0.103189714      0.739858091    
   3.35998774      0.102446802      0.741155446    
   3.39998770      0.101006985      0.743342280    
   3.43998766       9.93472412E-02  0.744791985    
   3.47998762       9.84497592E-02  0.746260345    
   3.51998758       9.73811224E-02  0.749105096    
   3.55998755       9.55379158E-02  0.751076341    
   3.59998751       9.34630036E-02  0.752760530    
   3.63998747       9.07458290E-02  0.757877946    
   3.67998743       8.95174071E-02  0.757960379    
   3.71998739       8.78760070E-02  0.757262290    
   3.75998735       8.82110521E-02  0.757033288    
   3.79998732       8.84676054E-02  0.757998049    
   3.83998728       8.86943713E-02  0.757746220    
   3.87998724       8.86311904E-02  0.758499503    
   3.91998720       8.86863321E-02  0.757865846    
   3.95998716       8.91964510E-02  0.759562790    
   3.99998713       8.95266980E-02  0.759222090    
   4.03998709       8.96956697E-02  0.760791659    
   4.07998705       8.95928815E-02  0.759473801    
   4.11998701       8.99603516E-02  0.760027885    
   4.15998697       9.06876549E-02  0.761369050    
   4.19998693       9.06216130E-02  0.761989117    
   4.23998690       9.02380720E-02  0.762274981    
   4.27998686       9.08747315E-02  0.762881696    
   4.31998682       9.07699615E-02  0.762047112    
   4.35998678       9.12139788E-02  0.764234722    
   4.39998674       9.13377777E-02  0.764137387    
   4.43998671       9.14598182E-02  0.764197946    
   4.47998667       9.21781808E-02  0.764802814    
   4.51998663       9.16304290E-02  0.764743030    
   4.55998659       9.22277495E-02  0.765263498    
   4.59998655       9.19751227E-02  0.765919209    
   4.63998652       9.27239060E-02  0.765316606    
   4.67998648       9.28658172E-02  0.766991496    
   4.71998644       9.27414447E-02  0.766953766    
   4.75998640       9.34090540E-02  0.768346786    
   4.79998636       9.36777964E-02  0.767647564    
   4.83998632       9.42344964E-02  0.768276751    
   4.87998629       9.35361162E-02  0.768907249    
   4.91998625       9.31973010E-02  0.768689096    
   4.95998621       9.38034505E-02  0.769872844    
   4.99998617       9.37114507E-02  0.770440578    
   5.03998613       9.40125659E-02  0.770088971    
   5.07998610       9.45697874E-02  0.771932483    
   5.11998606       9.41082016E-02  0.773122251    
   5.15998602       9.43838358E-02  0.774002433    
   5.19998598       9.42302719E-02  0.774218202    
   5.23998594       9.44329724E-02  0.775518298    
   5.27998590       9.47043002E-02  0.775704861    
   5.31998587       9.40260962E-02  0.777292728    
   5.35998583       9.43730697E-02  0.778055251    
   5.39998579       9.46902186E-02  0.779052198    
   5.43998575       9.29565057E-02  0.781790137    
   5.47998571       9.10185128E-02  0.784684598    
   5.51998568       9.05051082E-02  0.786497593    
   5.55998564       8.94674510E-02  0.788808167    
   5.59998560       8.93787369E-02  0.791490972    
   5.63998556       8.86718407E-02  0.794410646    
   5.67998552       8.73808339E-02  0.795809865    
   5.71998549       8.66654590E-02  0.798989236    
   5.75998545       8.67246240E-02  0.800016940    
   5.79998541       8.57955664E-02  0.803417265    
   5.83998537       8.53429362E-02  0.804673791    
   5.87998533       8.44738036E-02  0.807510555    
   5.91998529       8.29594508E-02  0.810445368    
   5.95998526       8.29720572E-02  0.813250124    
   5.99998522       8.29861164E-02  0.817012250    
   6.03998518       8.24175254E-02  0.817840278    
   6.07998514       8.21215138E-02  0.820792377    
   6.11998510       8.17764029E-02  0.822960794    
   6.15998507       8.16106573E-02  0.824212432    
   6.19998503       8.11219960E-02  0.827787817    
   6.23998499       8.09614137E-02  0.829956591    
   6.27998495       8.10046047E-02  0.832348466    
   6.31998491       8.04157630E-02  0.834864974    
   6.35998487       8.02119374E-02  0.837072968    
   6.39998484       8.01315233E-02  0.840175331    
   6.43998480       8.01371336E-02  0.842686832    
   6.47998476       7.93904588E-02  0.846118093    
   6.51998472       7.92756826E-02  0.849636018    
   6.55998468       7.88282007E-02  0.853416443    
   6.59998465       7.92970285E-02  0.855411053    
   6.63998461       7.95216486E-02  0.855363846    
   6.67998457       7.95812011E-02  0.857362449    
   6.71998453       7.94871747E-02  0.857298613    
   6.75998449       7.91474059E-02  0.857928336    
   6.79998446       8.01480561E-02  0.858572543    
   6.83998442       8.01588818E-02  0.860205948    
   6.87998438       7.97543153E-02  0.860797524    
   6.91998434       8.02814141E-02  0.862154782    
   6.95998430       8.07362795E-02  0.863115609    
   6.99998426       8.06880966E-02  0.863685608    
   7.03998423       8.13696831E-02  0.863152504    
   7.07998419       8.17034841E-02  0.865088582    
   7.11998415       8.15084800E-02  0.865916431    
   7.15998411       8.13314468E-02  0.866594970    
   7.19998407       8.20625499E-02  0.866781473    
   7.23998404       8.18701163E-02  0.867366672    
   7.27998400       8.23765099E-02  0.867769301    
   7.31998396       8.24885517E-02  0.868805408    
   7.35998392       8.26284513E-02  0.868689179    
   7.39998388       8.29209760E-02  0.870150030    
   7.43998384       8.34054649E-02  0.871362269    
   7.47998381       8.36451128E-02  0.871803164    
   7.51998377       8.37999210E-02  0.871993780    
   7.55998373       8.37022588E-02  0.872429669    
   7.59998369       8.39989856E-02  0.873419881    
   7.63998365       8.47186297E-02  0.873852968    
   7.67998362       7.69325644E-02  0.863159657    
   7.71998358       6.09724261E-02  0.834604561    
   7.75998354       4.69536372E-02  0.797559142    
   7.79998350       3.78793404E-02  0.768309176    
   7.83998346       3.12203076E-02  0.738191187    
   7.87998343       2.59484407E-02  0.708656669    
   7.91998339       2.15775855E-02  0.681947887    
   7.95998335       1.81184690E-02  0.657360137    
   7.99998331       1.53050413E-02  0.632678211    
   8.03998375       1.27011975E-02  0.610275507    
   8.07998371       1.11296996E-02  0.592845559    
   8.11998367       9.40246228E-03  0.581239164    
   8.15998363       8.48450046E-03  0.573004425    
   8.19998360       7.36118900E-03  0.567451715    
   8.23998356       6.39250223E-03  0.564575911    
   8.27998352       5.56637347E-03  0.561949968    
   8.31998348       4.76622302E-03  0.562433064    
   8.35998344       3.85002187E-03  0.568690658    
   8.39998341       3.32232518E-03  0.572966337    
   8.43998337       2.56740628E-03  0.587830901    
   8.47998333       1.94195751E-03  0.611449540    
   8.51998329       1.31215865E-03  0.661383986    
   8.55998325       7.32752844E-04  0.781925917    
   8.59998322       3.93603317E-04  0.999005973    
   8.63998318       3.97828961E-04  0.999069452    
   8.67998314       3.81671969E-04  0.999105573    
   8.71998310       3.75709962E-04  0.999145687    
   8.75998306       3.70521680E-04  0.999177814    
   8.79998302       3.61926563E-04  0.999223769    
   8.83998299       3.56453034E-04  0.999258399    
   8.87998295       3.42904794E-04  0.999287426    
   8.91998291       3.32652271E-04  0.999311328    
   8.95998287       3.31170915E-04  0.999355793    
   8.99998283       3.22659122E-04  0.999366879    
   9.03998280       3.11508164E-04  0.999402344    
   9.07998276       3.13152588E-04  0.999420881    
   9.11998272       3.02907050E-04  0.999449372    
   9.15998268       3.02992994E-04  0.999465406    
   9.19998264       2.89732765E-04  0.999488235    
   9.23998260       2.82793510E-04  0.999506712    
   9.27998257       2.86083465E-04  0.999526501    
   9.31998253       2.74160644E-04  0.999541700    
   9.35998249       2.72703066E-04  0.999568820    
   9.39998245       2.65367882E-04  0.999579787    
   9.43998241       2.62190559E-04  0.999592066    
   9.47998238       2.57866777E-04  0.999614537    
   9.51998234       2.51881895E-04  0.999623716    
   9.55998230       2.42013455E-04  0.999639094    
   9.59998226       2.39571498E-04  0.999650717    
   9.63998222       2.33441810E-04  0.999663472    
   9.67998219       2.28763980E-04  0.999680579    
   9.71998215       2.26914766E-04  0.999684274    
   9.75998211       2.25490701E-04  0.999697208    
   9.79998207       2.19841080E-04  0.999712050    
   9.83998203       2.15362234E-04  0.999711037    
   9.87998199       2.16073051E-04  0.999727011    
   9.91998196       2.10462676E-04  0.999727070    
   9.95998192       2.04741547E-04  0.999744296    
   9.99998188       1.98838767E-04  0.999759555    
   10.0399818       1.97408837E-04  0.999761164    
   10.0799818       1.94244087E-04  0.999771833    
   10.1199818       1.89729821E-04  0.999774456    
   10.1599817       1.87126745E-04  0.999781013    
   10.1999817       1.81656389E-04  0.999785662    
   10.2399817       1.83159122E-04  0.999795616    
   10.2799816       1.77117457E-04  0.999803841    
   10.3199816       1.76681118E-04  0.999811053    
   10.3599815       1.71164196E-04  0.999818444    
   10.3999815       1.68347964E-04  0.999821603    
   10.4399815       1.65597783E-04  0.999823630    
   10.4799814       1.61083197E-04  0.999826968    
   10.5199814       1.60943484E-04  0.999836206    
   10.5599813       1.59116607E-04  0.999840617    
   10.5999813       1.54681387E-04  0.999846995    
   10.6399813       1.51697386E-04  0.999849439    
   10.6799812       1.47255385E-04  0.999849558    
   10.7199812       1.45548824E-04  0.999858499    
   10.7599812       1.45035636E-04  0.999862194    
   10.7999811       1.41133714E-04  0.999869943    
   10.8399811       1.38381147E-04  0.999870956    
   10.8799810       1.37913652E-04  0.999873221    
   10.9199810       1.37246476E-04  0.999878585    
   10.9599810       1.33192239E-04  0.999879122    
   10.9999809       1.29922075E-04  0.999887288    
   11.0399809       1.29673557E-04  0.999886334    
   11.0799809       1.27040243E-04  0.999889016    
   11.1199808       1.24849059E-04  0.999895811    
   11.1599808       1.25929306E-04  0.999897540    
   11.1999807       1.21133453E-04  0.999902606    
   11.2399807       1.18319702E-04  0.999901295    
   11.2799807       1.17078416E-04  0.999901175    
   11.3199806       1.14502756E-04  0.999905765    
   11.3599806       1.15932584E-04  0.999906421    
   11.3999805       1.12957459E-04  0.999914169    
   11.4399805       1.12282105E-04  0.999916315    
   11.4799805       1.10850138E-04  0.999914885    
   11.5199804       1.10367946E-04  0.999916017    
   11.5599804       1.08009692E-04  0.999956489    
   11.5999804       1.08696535E-04   1.00141978    
   11.6399803       1.05209510E-04   1.00373244    
   11.6799803       1.04289793E-04   1.00629210    
   11.7199802       1.05505307E-04   1.00875187    
   11.7599802       1.02825055E-04   1.01143610    
   11.7999802       1.02871767E-04   1.01395285    
   11.8399801       1.00961704E-04   1.01683700    
   11.8799801       9.95634109E-05   1.01929104    
   11.9199800       9.78434909E-05   1.02264392    
   11.9599800       9.64153442E-05   1.02666974    
