 # 2site DOS and GIPR created by main.f90 with subroutines in routines.f90
 #
# parameters: U =  4.00  t = -1.00  W = 12.00
# nbins = 600     ensemble size =    10000000
 #
 # Filling:  0.452579767    
 # Filling Error:   4.38188110E-03
 #
 #  Frequency           DOS            GIPR
  -12.0000000       1.21470570E-04   1.06619895    
  -11.9600000       1.25946186E-04   1.05682600    
  -11.9200001       1.31867317E-04   1.05260015    
  -11.8800001       1.36101924E-04   1.07185435    
  -11.8400002       1.41668119E-04   1.05594373    
  -11.8000002       1.43513695E-04   1.04917729    
  -11.7600002       1.48835723E-04   1.05687082    
  -11.7200003       1.52789624E-04   1.05255473    
  -11.6800003       1.60750322E-04   1.04848289    
  -11.6400003       1.60578595E-04   1.04563868    
  -11.6000004       1.70051484E-04   1.05037248    
  -11.5600004       1.74306988E-04   1.03748715    
  -11.5200005       1.80589326E-04   1.04009676    
  -11.4800005       1.87888640E-04   1.03695643    
  -11.4400005       1.92668929E-04   1.03948224    
  -11.4000006       1.98995738E-04   1.03913331    
  -11.3600006       2.00708630E-04   1.03873682    
  -11.3200006       2.13127671E-04   1.04256463    
  -11.2800007       2.19732858E-04   1.03873062    
  -11.2400007       2.28572913E-04   1.03859437    
  -11.2000008       2.34290070E-04   1.04104030    
  -11.1600008       2.44272902E-04   1.03474545    
  -11.1200008       2.50560610E-04   1.03508413    
  -11.0800009       2.56088329E-04   1.03357482    
  -11.0400009       2.58727610E-04   1.03285420    
  -11.0000010       2.64582573E-04   1.02888846    
  -10.9600010       2.67660100E-04   1.02690017    
  -10.9200010       2.77514744E-04   1.02703857    
  -10.8800011       2.77804764E-04   1.03315532    
  -10.8400011       2.78190855E-04   1.03739846    
  -10.8000011       2.84978305E-04   1.04022849    
  -10.7600012       2.86654482E-04   1.04713607    
  -10.7200012       2.89131858E-04   1.04983997    
  -10.6800013       2.92001816E-04   1.05036569    
  -10.6400013       3.01241060E-04   1.05339921    
  -10.6000013       3.01890657E-04   1.06258929    
  -10.5600014       3.06072790E-04   1.05363381    
  -10.5200014       3.10043688E-04   1.05852556    
  -10.4800014       3.17668600E-04   1.05282509    
  -10.4400015       3.25937930E-04   1.05036139    
  -10.4000015       3.29363160E-04   1.05000925    
  -10.3600016       3.34511511E-04   1.05041242    
  -10.3200016       3.36759258E-04   1.04612219    
  -10.2800016       3.47324851E-04   1.04406118    
  -10.2400017       3.49273963E-04   1.04716921    
  -10.2000017       3.53872048E-04   1.03738761    
  -10.1600018       3.58028425E-04   1.04130316    
  -10.1200018       3.66448250E-04   1.04085994    
  -10.0800018       3.71427130E-04   1.03600812    
  -10.0400019       3.75096628E-04   1.03533518    
  -10.0000019       3.83924518E-04   1.03709972    
  -9.96000195       3.89929977E-04   1.02982533    
  -9.92000198       3.94698232E-04   1.03179193    
  -9.88000202       4.02189064E-04   1.03405261    
  -9.84000206       4.10075532E-04   1.03093565    
  -9.80000210       4.11866087E-04   1.02758729    
  -9.76000214       4.26785409E-04   1.02758169    
  -9.72000217       4.28221363E-04   1.02870107    
  -9.68000221       4.38018033E-04   1.02519715    
  -9.64000225       4.46041086E-04   1.02696609    
  -9.60000229       4.56800946E-04   1.02351940    
  -9.56000233       4.56352340E-04   1.02171159    
  -9.52000237       4.72048123E-04   1.02261102    
  -9.48000240       4.75849782E-04   1.02074838    
  -9.44000244       4.79400042E-04   1.02148783    
  -9.40000248       4.89025901E-04   1.01806986    
  -9.36000252       5.04506228E-04   1.01841319    
  -9.32000256       5.07826102E-04   1.01734853    
  -9.28000259       5.08664758E-04   1.01782000    
  -9.24000263       5.26210060E-04   1.01698601    
  -9.20000267       5.39065804E-04   1.01511919    
  -9.16000271       5.52796584E-04   1.01503181    
  -9.12000275       5.57749649E-04   1.01369369    
  -9.08000278       5.64282353E-04   1.01446426    
  -9.04000282       5.79010288E-04   1.01384950    
  -9.00000286       5.77295432E-04   1.01277804    
  -8.96000290       5.95658494E-04   1.01182330    
  -8.92000294       6.11977535E-04   1.01176071    
  -8.88000298       6.25370012E-04   1.01058531    
  -8.84000301       6.30394439E-04   1.01063812    
  -8.80000305       6.36211364E-04   1.01018989    
  -8.76000309       6.57974218E-04   1.00975025    
  -8.72000313       6.64511870E-04   1.00921178    
  -8.68000317       6.91514811E-04   1.00826907    
  -8.64000320       6.94466231E-04   1.00809407    
  -8.60000324       7.22617493E-04   1.00762260    
  -8.56000328       7.20138894E-04   1.00801790    
  -8.52000332       7.26252794E-04   1.00760067    
  -8.48000336       7.53761386E-04   1.00695574    
  -8.44000340       7.54461274E-04   1.00655627    
  -8.40000343       7.68745434E-04   1.00614035    
  -8.36000347       7.89993734E-04   1.00639260    
  -8.32000351       7.91091123E-04   1.00586641    
  -8.28000355       8.24598595E-04   1.00473237    
  -8.24000359       8.31273443E-04   1.00465310    
  -8.20000362       8.50701530E-04   1.00440729    
  -8.16000366       8.60343745E-04   1.00429213    
  -8.12000370       8.89502931E-04   1.00386071    
  -8.08000374       9.04783723E-04   1.00336766    
  -8.04000378       9.27877147E-04   1.00327289    
  -8.00000381       9.31872579E-04   1.00302863    
  -7.96000385       9.65098210E-04   1.00279760    
  -7.92000389       9.70382185E-04   1.00231409    
  -7.88000393       9.98427160E-04   1.00206149    
  -7.84000397       1.02147227E-03   1.00176859    
  -7.80000401       1.04324322E-03   1.00143945    
  -7.76000404       1.07077637E-03   1.00142336    
  -7.72000408       1.07695058E-03   1.00083125    
  -7.68000412       1.09838636E-03   1.00044990    
  -7.64000416       1.14043651E-03   1.00029445    
  -7.60000420       1.15835108E-03  0.999783218    
  -7.56000423       1.19148917E-03  0.999589145    
  -7.52000427       1.20824296E-03  0.998810112    
  -7.48000431       1.23630278E-03  0.998498917    
  -7.44000435       1.28246739E-03  0.997874141    
  -7.40000439       1.31637626E-03  0.997177660    
  -7.36000443       1.33894943E-03  0.996417522    
  -7.32000446       1.37265306E-03  0.995713651    
  -7.28000450       1.40976557E-03  0.994955719    
  -7.24000454       1.43601210E-03  0.993659377    
  -7.20000458       1.46912073E-03  0.992638886    
  -7.16000462       1.51088519E-03  0.991653383    
  -7.12000465       1.55150832E-03  0.989433646    
  -7.08000469       1.58535864E-03  0.987964809    
  -7.04000473       1.64440519E-03  0.986099064    
  -7.00000477       1.69134117E-03  0.983464837    
  -6.96000481       1.74178695E-03  0.979949176    
  -6.92000484       1.82689691E-03  0.975648522    
  -6.88000488       1.87364605E-03  0.967058182    
  -6.84000492       1.96653907E-03  0.953023970    
  -6.80000496       2.01796438E-03  0.950937092    
  -6.76000500       2.03556824E-03  0.952135086    
  -6.72000504       2.09021778E-03  0.953363359    
  -6.68000507       2.11834884E-03  0.953366578    
  -6.64000511       2.15930655E-03  0.953619599    
  -6.60000515       2.22206512E-03  0.954880118    
  -6.56000519       2.25583464E-03  0.955974162    
  -6.52000523       2.27733562E-03  0.955385149    
  -6.48000526       2.32912414E-03  0.957260430    
  -6.44000530       2.39694305E-03  0.957865477    
  -6.40000534       2.41196575E-03  0.958113313    
  -6.36000538       2.49950914E-03  0.959103644    
  -6.32000542       2.56807404E-03  0.959151924    
  -6.28000546       2.60687037E-03  0.959271193    
  -6.24000549       2.71193869E-03  0.960916579    
  -6.20000553       2.74430658E-03  0.960836947    
  -6.16000557       2.81931227E-03  0.960354567    
  -6.12000561       2.91171204E-03  0.962094009    
  -6.08000565       3.02782864E-03  0.962312400    
  -6.04000568       3.11376969E-03  0.962875128    
  -6.00000572       3.51967220E-03  0.928358614    
  -5.96000576       3.85377137E-03  0.902761519    
  -5.92000580       4.20404132E-03  0.892955959    
  -5.88000584       4.56947554E-03  0.882186353    
  -5.84000587       4.84002847E-03  0.875973284    
  -5.80000591       5.23652881E-03  0.868457079    
  -5.76000595       5.64233353E-03  0.859972060    
  -5.72000599       6.11437811E-03  0.849788070    
  -5.68000603       6.89447438E-03  0.825762272    
  -5.64000607       7.26812752E-03  0.816093624    
  -5.60000610       7.51995482E-03  0.811135411    
  -5.56000614       7.91247934E-03  0.808713257    
  -5.52000618       8.36285483E-03  0.802028537    
  -5.48000622       9.80926398E-03  0.785876453    
  -5.44000626       1.17183868E-02  0.768701196    
  -5.40000629       1.18552959E-02  0.766249001    
  -5.36000633       1.19375717E-02  0.764899790    
  -5.32000637       1.20180557E-02  0.760600567    
  -5.28000641       1.21530676E-02  0.759572566    
  -5.24000645       1.22444304E-02  0.756516337    
  -5.20000648       1.23816300E-02  0.754572392    
  -5.16000652       1.25821568E-02  0.752921343    
  -5.12000656       1.25862453E-02  0.748569846    
  -5.08000660       1.26221962E-02  0.747904301    
  -5.04000664       1.28258374E-02  0.743795097    
  -5.00000668       1.30135426E-02  0.740355909    
  -4.96000671       1.29995300E-02  0.737839341    
  -4.92000675       1.31578175E-02  0.735445380    
  -4.88000679       1.32416915E-02  0.733410954    
  -4.84000683       1.31671103E-02  0.732911706    
  -4.80000687       1.31572513E-02  0.732339561    
  -4.76000690       1.31078269E-02  0.731849492    
  -4.72000694       1.29474346E-02  0.728500903    
  -4.68000698       1.30537264E-02  0.726414263    
  -4.64000702       1.33418217E-02  0.723052204    
  -4.60000706       1.32520525E-02  0.719787538    
  -4.56000710       1.31201865E-02  0.717029035    
  -4.52000713       1.32566700E-02  0.713543355    
  -4.48000717       1.33213270E-02  0.711230695    
  -4.44000721       1.33670392E-02  0.706340432    
  -4.40000725       1.38769615E-02  0.696649909    
  -4.36000729       1.43505735E-02  0.685718417    
  -4.32000732       1.50726559E-02  0.675022840    
  -4.28000736       1.57029331E-02  0.665783703    
  -4.24000740       1.65396016E-02  0.657955885    
  -4.20000744       1.74205359E-02  0.648665428    
  -4.16000748       1.82498582E-02  0.640622914    
  -4.12000751       1.94071177E-02  0.635480404    
  -4.08000755       2.05196515E-02  0.631724060    
  -4.04000759       2.15928666E-02  0.628954172    
  -4.00000763       2.29104944E-02  0.628337741    
  -3.96000767       2.40669250E-02  0.629044056    
  -3.92000771       2.53053512E-02  0.629155815    
  -3.88000774       2.63448898E-02  0.631096065    
  -3.84000778       2.94655561E-02  0.649076104    
  -3.80000782       3.51384841E-02  0.682707310    
  -3.76000786       4.30993587E-02  0.716669738    
  -3.72000790       5.02970889E-02  0.744355500    
  -3.68000793       5.99508882E-02  0.767383277    
  -3.64000797       7.31779709E-02  0.783530176    
  -3.60000801       8.84704813E-02  0.807768226    
  -3.56000805      0.102119826      0.822755814    
  -3.52000809      0.104188584      0.822426736    
  -3.48000813      0.104425095      0.820154965    
  -3.44000816      0.105535716      0.817847908    
  -3.40000820      0.105471268      0.816461861    
  -3.36000824      0.105722032      0.813824713    
  -3.32000828      0.107031763      0.812544286    
  -3.28000832      0.107308760      0.810126364    
  -3.24000835      0.107829429      0.809580684    
  -3.20000839      0.107247993      0.808001459    
  -3.16000843      0.107193470      0.804919004    
  -3.12000847      0.108206376      0.804152966    
  -3.08000851      0.107277349      0.801211953    
  -3.04000854      0.108038090      0.800074577    
  -3.00000858      0.108331360      0.798702657    
  -2.96000862      0.108720146      0.796890318    
  -2.92000866      0.108468793      0.794406176    
  -2.88000870      0.108203493      0.792681754    
  -2.84000874      0.108493052      0.792642117    
  -2.80000877      0.108027644      0.793256044    
  -2.76000881      0.108678028      0.789636016    
  -2.72000885      0.108947396      0.786216199    
  -2.68000889      0.110881723      0.782491148    
  -2.64000893      0.112601556      0.775525391    
  -2.60000896      0.116442800      0.769094288    
  -2.56000900      0.118003175      0.763645649    
  -2.52000904      0.116476066      0.763461709    
  -2.48000908      0.116741240      0.761120141    
  -2.44000912      0.116971605      0.758894265    
  -2.40000916      0.116116658      0.756490231    
  -2.36000919      0.117533550      0.752865970    
  -2.32000923      0.117028743      0.748776376    
  -2.28000927      0.118187025      0.746620774    
  -2.24000931      0.117346033      0.744031310    
  -2.20000935      0.117721006      0.741896033    
  -2.16000938      0.117862307      0.738843143    
  -2.12000942      0.117394365      0.737533391    
  -2.08000946      0.117927618      0.734158278    
  -2.04000950      0.117559500      0.733557403    
  -2.00000954      0.116781928      0.732080758    
  -1.96000957      0.116979405      0.729735076    
  -1.92000961      0.117651328      0.726334274    
  -1.88000965      0.117790215      0.723728418    
  -1.84000969      0.118304372      0.722655952    
  -1.80000973      0.119041175      0.718969882    
  -1.76000977      0.118972711      0.717359185    
  -1.72000980      0.119593009      0.715100944    
  -1.68000984      0.119209900      0.712406278    
  -1.64000988      0.119435638      0.709495366    
  -1.60000992      0.119408563      0.707129478    
  -1.56000996      0.120209090      0.705582917    
  -1.52000999      0.119782872      0.702877343    
  -1.48001003      0.119845860      0.700664163    
  -1.44001007      0.120471433      0.698233247    
  -1.40001011      0.120848440      0.694889247    
  -1.36001015      0.120757572      0.693286896    
  -1.32001019      0.121234864      0.690565944    
  -1.28001022      0.121593177      0.686766863    
  -1.24001026      0.122193322      0.683833957    
  -1.20001030      0.122938797      0.679499269    
  -1.16001034      0.123887092      0.676488221    
  -1.12001038      0.122948833      0.674830139    
  -1.08001041      0.122477353      0.672798097    
  -1.04001045      0.121021368      0.670807660    
  -1.00001049      0.119828925      0.669737518    
 -0.960010469      0.117849387      0.667244434    
 -0.920010448      0.116938516      0.666377366    
 -0.880010426      0.114017121      0.666478515    
 -0.840010405      0.109858334      0.671389520    
 -0.800010383      0.109248295      0.671775639    
 -0.760010362      0.109465025      0.670152247    
 -0.720010340      0.109686568      0.670501351    
 -0.680010319      0.109603480      0.670019627    
 -0.640010297      0.109290756      0.669420779    
 -0.600010276      0.109783120      0.669820845    
 -0.560010254      0.109318703      0.668100536    
 -0.520010233      0.109664142      0.668184221    
 -0.480010241      0.109417714      0.667203128    
 -0.440010250      0.109666564      0.668210745    
 -0.400010258      0.110122137      0.667107701    
 -0.360010266      0.108779468      0.666243434    
 -0.320010275      0.109722972      0.665778279    
 -0.280010283      0.109896831      0.666078269    
 -0.240010291      0.110476896      0.665997446    
 -0.200010300      0.109909341      0.665329993    
 -0.160010308      0.109773368      0.666757286    
 -0.120010309      0.109529637      0.665360630    
  -8.00103098E-02  0.109607451      0.665130794    
  -4.00103107E-02  0.109978199      0.663994193    
  -1.03116035E-05  0.109547026      0.664642751    
   3.99896875E-02  0.109344676      0.663604796    
   7.99896866E-02  0.109941199      0.663186669    
  0.119989686      0.109421209      0.663012087    
  0.159989685      0.110416293      0.663361132    
  0.199989676      0.109904714      0.662904441    
  0.239989668      0.109684363      0.663290024    
  0.279989660      0.110598974      0.663565636    
  0.319989651      0.109756842      0.662202775    
  0.359989643      0.110145651      0.662249267    
  0.399989635      0.110000081      0.662898660    
  0.439989626      0.109965391      0.662706137    
  0.479989618      0.110035822      0.662602067    
  0.519989610      0.109510414      0.662085354    
  0.559989631      0.110181585      0.663098097    
  0.599989653      0.109686077      0.662784100    
  0.639989674      0.109579474      0.662458301    
  0.679989696      0.109810539      0.662601352    
  0.719989717      0.109756030      0.661569476    
  0.759989738      0.109533340      0.662392676    
  0.799989760      0.110445745      0.662318289    
  0.839989781      0.115033463      0.657395422    
  0.879989803      0.117591619      0.656536281    
  0.919989824      0.119705245      0.658044517    
  0.959989846      0.120936491      0.658666015    
  0.999989867      0.121570110      0.660252512    
   1.03998983      0.122782998      0.662405670    
   1.07998979      0.124049932      0.662352622    
   1.11998975      0.124831662      0.664865613    
   1.15998971      0.124888040      0.667074680    
   1.19998968      0.122934498      0.670047164    
   1.23998964      0.122974724      0.673531234    
   1.27998960      0.123062089      0.675261199    
   1.31998956      0.122603878      0.678044081    
   1.35998952      0.122584298      0.678844273    
   1.39998949      0.123072289      0.682300448    
   1.43998945      0.122395255      0.683766425    
   1.47998941      0.121975854      0.684606075    
   1.51998937      0.121369377      0.686151266    
   1.55998933      0.121587299      0.688600659    
   1.59998930      0.121501990      0.689451516    
   1.63998926      0.121383280      0.690579057    
   1.67998922      0.121400021      0.691965163    
   1.71998918      0.120764196      0.693358481    
   1.75998914      0.120957062      0.695652068    
   1.79998910      0.121098503      0.696066916    
   1.83998907      0.121202521      0.697961986    
   1.87998903      0.120934442      0.699100018    
   1.91998899      0.120247312      0.701110125    
   1.95998895      0.120938607      0.702010810    
   1.99998891      0.121231288      0.702133358    
   2.03998899      0.122177824      0.703391075    
   2.07998896      0.122205645      0.703637540    
   2.11998892      0.122019939      0.704863071    
   2.15998888      0.122199096      0.705659091    
   2.19998884      0.122518919      0.706461966    
   2.23998880      0.122324333      0.708433568    
   2.27998877      0.122258581      0.709141195    
   2.31998873      0.122370467      0.710769594    
   2.35998869      0.122771032      0.711869240    
   2.39998865      0.122350655      0.712269366    
   2.43998861      0.121045358      0.714832425    
   2.47998857      0.122970797      0.717895508    
   2.51998854      0.122049302      0.717461884    
   2.55998850      0.120279767      0.721220851    
   2.59998846      0.114940479      0.729027450    
   2.63998842      0.112786971      0.733543217    
   2.67998838      0.110540621      0.739048421    
   2.71998835      0.109393142      0.743435264    
   2.75998831      0.107221946      0.747254610    
   2.79998827      0.107474394      0.747363925    
   2.83998823      0.106691957      0.748987794    
   2.87998819      0.105874568      0.750742793    
   2.91998816      0.104594477      0.754933596    
   2.95998812      0.104251750      0.758828759    
   2.99998808      0.103510149      0.760910034    
   3.03998804      0.101926550      0.764582515    
   3.07998800      0.100796320      0.767170787    
   3.11998796      0.100015767      0.768940985    
   3.15998793       9.98432562E-02  0.772538126    
   3.19998789       9.95039269E-02  0.774905503    
   3.23998785       9.83240008E-02  0.778158903    
   3.27998781       9.73240957E-02  0.781039953    
   3.31998777       9.67827663E-02  0.783995330    
   3.35998774       9.60528031E-02  0.787137449    
   3.39998770       9.47723389E-02  0.790452898    
   3.43998766       9.34818983E-02  0.793676496    
   3.47998762       9.27309245E-02  0.798247755    
   3.51998758       9.11844820E-02  0.802969813    
   3.55998755       8.98163766E-02  0.806831181    
   3.59998751       8.82281736E-02  0.812106192    
   3.63998747       8.60506594E-02  0.818196774    
   3.67998743       8.47890228E-02  0.819504201    
   3.71998739       8.52752402E-02  0.819757760    
   3.75998735       8.55236873E-02  0.820904195    
   3.79998732       8.61002654E-02  0.819865346    
   3.83998728       8.64555165E-02  0.821903408    
   3.87998724       8.71651024E-02  0.821302056    
   3.91998720       8.75690430E-02  0.822512925    
   3.95998716       8.81356895E-02  0.823315918    
   3.99998713       8.93019363E-02  0.824529827    
   4.03998709       8.92379135E-02  0.824040353    
   4.07998705       8.92500505E-02  0.824922681    
   4.11998701       9.06168148E-02  0.825011551    
   4.15998697       9.08340290E-02  0.826792181    
   4.19998693       9.09448192E-02  0.826793551    
   4.23998690       9.21357051E-02  0.827397943    
   4.27998686       9.22614485E-02  0.828242958    
   4.31998682       9.24022794E-02  0.827485383    
   4.35998678       9.34583545E-02  0.829090893    
   4.39998674       9.36977789E-02  0.829881966    
   4.43998671       9.42024365E-02  0.830128670    
   4.47998667       9.41740051E-02  0.829746902    
   4.51998663       9.60597098E-02  0.829952478    
   4.55998659       9.58752260E-02  0.831048667    
   4.59998655       9.62757617E-02  0.831383169    
   4.63998652       9.66990069E-02  0.831856012    
   4.67998648       9.74184871E-02  0.832593918    
   4.71998644       9.08658430E-02  0.822730362    
   4.75998640       7.78593346E-02  0.798662663    
   4.79998636       6.37035817E-02  0.764599383    
   4.83998632       5.23711741E-02  0.729234338    
   4.87998629       4.39149961E-02  0.694035590    
   4.91998625       3.93649265E-02  0.675707757    
   4.95998621       3.70448045E-02  0.667102814    
   4.99998617       3.44044678E-02  0.659902811    
   5.03998613       3.22849415E-02  0.653255641    
   5.07998610       2.99015846E-02  0.648690939    
   5.11998606       2.82046944E-02  0.647083580    
   5.15998602       2.65349112E-02  0.647394836    
   5.19998598       2.51322780E-02  0.647033334    
   5.23998594       2.37043723E-02  0.650560677    
   5.27998590       2.27128621E-02  0.653446972    
   5.31998587       2.14159451E-02  0.658455253    
   5.35998583       2.06898954E-02  0.663343310    
   5.39998579       1.95611529E-02  0.670336485    
   5.43998575       1.65688377E-02  0.676994026    
   5.47998571       1.45064760E-02  0.685816884    
   5.51998568       1.28711676E-02  0.697904885    
   5.55998564       1.13306865E-02  0.715458751    
   5.59998560       1.01245558E-02  0.729847550    
   5.63998556       9.31381807E-03  0.745747805    
   5.67998552       8.14247411E-03  0.766292989    
   5.71998549       7.15802331E-03  0.788320422    
   5.75998545       6.36948599E-03  0.804821670    
   5.79998541       5.56638651E-03  0.823964775    
   5.83998537       4.80666105E-03  0.855356812    
   5.87998533       4.22874140E-03  0.886362910    
   5.91998529       3.89096676E-03  0.903702438    
   5.95998526       3.45203886E-03  0.927894175    
   5.99998522       3.11455270E-03  0.963231504    
   6.03998518       2.99708685E-03  0.962033153    
   6.07998514       2.96535296E-03  0.961550295    
   6.11998510       2.83870054E-03  0.961323380    
   6.15998507       2.79368414E-03  0.961385250    
   6.19998503       2.69951322E-03  0.960474014    
   6.23998499       2.60011386E-03  0.959794402    
   6.27998495       2.56101019E-03  0.960104167    
   6.31998491       2.47665588E-03  0.958287597    
   6.35998487       2.37913942E-03  0.957648873    
   6.39998484       2.36752559E-03  0.957264304    
   6.43998480       2.34856294E-03  0.957023859    
   6.47998476       2.32423632E-03  0.955421686    
   6.51998472       2.22140667E-03  0.955707729    
   6.55998468       2.18951399E-03  0.956024110    
   6.59998465       2.16936180E-03  0.954523385    
   6.63998461       2.11838307E-03  0.952986896    
   6.67998457       2.10348074E-03  0.954756379    
   6.71998453       2.04174337E-03  0.952189207    
   6.75998449       2.03500199E-03  0.951716661    
   6.79998446       1.96647760E-03  0.953486204    
   6.83998442       1.88125332E-03  0.967499197    
   6.87998438       1.80326577E-03  0.974404633    
   6.91998434       1.76139618E-03  0.980304241    
   6.95998430       1.69739686E-03  0.983556390    
   6.99998426       1.62939285E-03  0.985992968    
   7.03998423       1.60673249E-03  0.987796366    
   7.07998419       1.55818695E-03  0.989427805    
   7.11998415       1.50861230E-03  0.990630984    
   7.15998411       1.47542160E-03  0.991867363    
   7.19998407       1.43538916E-03  0.992724776    
   7.23998404       1.40213093E-03  0.993377447    
   7.27998400       1.35746738E-03  0.994049489    
   7.31998396       1.32969953E-03  0.994642377    
   7.35998392       1.29534979E-03  0.995153427    
   7.39998388       1.25046459E-03  0.995660186    
   7.43998384       1.23664585E-03  0.995956838    
   7.47998381       1.19292829E-03  0.996317029    
   7.51998377       1.16857816E-03  0.996628344    
   7.55998373       1.15188037E-03  0.996763289    
   7.59998369       1.10784639E-03  0.997135222    
   7.63998365       1.08463480E-03  0.997272193    
   7.67998362       1.06771500E-03  0.997522354    
   7.71998358       1.04553730E-03  0.997654855    
   7.75998354       1.00084196E-03  0.997878075    
   7.79998350       9.96206771E-04  0.997968674    
   7.83998346       9.68546316E-04  0.998142004    
   7.87998343       9.38038109E-04  0.998236716    
   7.91998339       9.44132567E-04  0.998335540    
   7.95998335       9.12233372E-04  0.998461723    
   7.99998331       8.89609626E-04  0.998550534    
   8.03998375       8.60948057E-04  0.998630166    
   8.07998371       8.39434972E-04  0.998703539    
   8.11998367       8.31173675E-04  0.998787224    
   8.15998363       8.15280888E-04  0.998860657    
   8.19998360       8.03936971E-04  0.998927236    
   8.23998356       7.76904693E-04  0.998985410    
   8.27998352       7.61227624E-04  0.999016762    
   8.31998348       7.45705154E-04  0.999095976    
   8.35998344       7.29763939E-04  0.999147534    
   8.39998341       7.11845874E-04  0.999179184    
   8.43998337       7.03622296E-04  0.999215662    
   8.47998333       6.91917143E-04  0.999253869    
   8.51998329       6.81324396E-04  0.999293447    
   8.55998325       6.57491852E-04  0.999347508    
   8.59998322       6.56736724E-04  0.999562860    
   8.63998318       6.33768504E-04   1.00001669    
   8.67998314       6.26428402E-04   1.00042796    
   8.71998310       6.21508458E-04   1.00084913    
   8.75998306       6.05210313E-04   1.00138104    
   8.79998302       5.87337418E-04   1.00163376    
   8.83998299       5.78833453E-04   1.00215805    
   8.87998295       5.73696627E-04   1.00295854    
   8.91998291       5.66946925E-04   1.00359535    
   8.95998287       5.53797581E-04   1.00401843    
   8.99998283       5.44399663E-04   1.00469232    
   9.03998280       5.38118591E-04   1.00519276    
   9.07998276       5.22962480E-04   1.00574279    
   9.11998272       5.16756496E-04   1.00626767    
   9.15998268       5.05192147E-04   1.00734401    
   9.19998264       5.00222086E-04   1.00845349    
   9.23998260       4.92748048E-04   1.00901103    
   9.27998257       4.79986833E-04   1.01015067    
   9.31998253       4.74581408E-04   1.01133525    
   9.35998249       4.61850461E-04   1.01177406    
   9.39998245       4.55532834E-04   1.01333046    
   9.43998241       4.47148021E-04   1.01424527    
   9.47998238       4.42031946E-04   1.01531458    
   9.51998234       4.37334209E-04   1.01624465    
   9.55998230       4.29554551E-04   1.01846516    
   9.59998226       4.27106366E-04   1.01909804    
   9.63998222       4.13450354E-04   1.02009726    
   9.67998219       4.13362839E-04   1.02228761    
   9.71998215       4.05325089E-04   1.02403748    
   9.75998211       3.99524608E-04   1.02699578    
   9.79998207       3.92914953E-04   1.02893627    
   9.83998203       3.88910441E-04   1.03143644    
   9.87998199       3.84233776E-04   1.03400731    
   9.91998196       3.74274852E-04   1.03681827    
   9.95998192       3.74828116E-04   1.03866577    
   9.99998188       3.67941306E-04   1.04255831    
   10.0399818       3.60091886E-04   1.04571819    
   10.0799818       3.63808300E-04   1.04740953    
   10.1199818       3.56399396E-04   1.05113888    
   10.1599817       3.49909707E-04   1.05414927    
   10.1999817       3.46595829E-04   1.05811369    
   10.2399817       3.44350585E-04   1.06047499    
   10.2799816       3.41062638E-04   1.06499147    
   10.3199816       3.36172583E-04   1.06940532    
   10.3599815       3.33710836E-04   1.07279384    
   10.3999815       3.30823124E-04   1.07782114    
   10.4399815       3.23452812E-04   1.08283043    
   10.4799814       3.20527208E-04   1.08836770    
   10.5199814       3.19714396E-04   1.09327185    
   10.5599813       3.16791120E-04   1.09991693    
   10.5999813       3.14894103E-04   1.10411346    
   10.6399813       3.11589305E-04   1.11072695    
   10.6799812       3.08098679E-04   1.11425459    
   10.7199812       3.05066438E-04   1.12211514    
   10.7599812       3.06533475E-04   1.12756658    
   10.7999811       3.01833032E-04   1.13513565    
   10.8399811       2.98316270E-04   1.14210975    
   10.8799810       2.99813808E-04   1.14962912    
   10.9199810       2.96061917E-04   1.15628612    
   10.9599810       2.90535565E-04   1.16969049    
   10.9999809       2.89683114E-04   1.17492700    
   11.0399809       2.91835575E-04   1.18062234    
   11.0799809       2.87159026E-04   1.19594586    
   11.1199808       2.87431147E-04   1.20082605    
   11.1599808       2.87440489E-04   1.21308506    
   11.1999807       2.88669748E-04   1.22282219    
   11.2399807       2.83012021E-04   1.23470140    
   11.2799807       2.84190523E-04   1.24327612    
   11.3199806       2.88275187E-04   1.25016463    
   11.3599806       2.87178293E-04   1.26359105    
   11.3999805       2.81906687E-04   1.28564572    
   11.4399805       2.83834088E-04   1.29426670    
   11.4799805       2.80990120E-04   1.31564426    
   11.5199804       2.82999565E-04   1.32470739    
   11.5599804       2.81362038E-04   1.33863044    
   11.5999804       2.82178138E-04   1.35865235    
   11.6399803       2.83592526E-04   1.37560296    
   11.6799803       2.82895344E-04   1.39651906    
   11.7199802       2.81132990E-04   1.41726768    
   11.7599802       2.84180103E-04   1.42747366    
   11.7999802       2.89144984E-04   1.44124913    
   11.8399801       2.85791873E-04   1.46607411    
   11.8799801       2.86323047E-04   1.49132931    
   11.9199800       2.88226642E-04   1.51684844    
   11.9599800       2.89946329E-04   1.54387414    
