 # 2site DOS and GIPR created by main.f90 with subroutines in routines.f90
 #
# parameters: U =  4.00  t = -1.00  W = 12.00
# nbins = 600     ensemble size =    10000000
 #
 # Filling:  0.397581518    
 # Filling Error:   4.38608136E-03
 #
 #  Frequency           DOS            GIPR
  -12.0000000       6.33564050E-05   1.07440996    
  -11.9600000       6.56792035E-05   1.07491446    
  -11.9200001       6.84066472E-05   1.05367160    
  -11.8800001       7.01339595E-05   1.06251216    
  -11.8400002       7.24507045E-05   1.06547344    
  -11.8000002       7.58224924E-05   1.05545199    
  -11.7600002       7.77006135E-05   1.05883682    
  -11.7200003       8.00943162E-05   1.06315422    
  -11.6800003       8.39183704E-05   1.07269454    
  -11.6400003       8.78373248E-05   1.06128466    
  -11.6000004       8.78477149E-05   1.07392895    
  -11.5600004       9.13884287E-05   1.07322109    
  -11.5200005       9.58840756E-05   1.06153035    
  -11.4800005       9.91095949E-05   1.07013714    
  -11.4400005       9.99530384E-05   1.06025887    
  -11.4000006       1.06274434E-04   1.05112195    
  -11.3600006       1.09249020E-04   1.05138934    
  -11.3200006       1.12633046E-04   1.05392396    
  -11.2800007       1.15188748E-04   1.04198647    
  -11.2400007       1.20678320E-04   1.04728520    
  -11.2000008       1.25226739E-04   1.04803884    
  -11.1600008       1.30903471E-04   1.03291953    
  -11.1200008       1.33937487E-04   1.04249847    
  -11.0800009       1.36321803E-04   1.04541266    
  -11.0400009       1.40472272E-04   1.05064917    
  -11.0000010       1.46595165E-04   1.03592432    
  -10.9600010       1.51907021E-04   1.04652333    
  -10.9200010       1.58345982E-04   1.04533982    
  -10.8800011       1.61951844E-04   1.03406525    
  -10.8400011       1.68628671E-04   1.03841996    
  -10.8000011       1.72700980E-04   1.03534126    
  -10.7600012       1.78353468E-04   1.03906536    
  -10.7200012       1.84720688E-04   1.02459037    
  -10.6800013       1.91563173E-04   1.04159260    
  -10.6400013       2.00751630E-04   1.03206384    
  -10.6000013       2.02780124E-04   1.02089787    
  -10.5600014       2.11553430E-04   1.02899206    
  -10.5200014       2.16952394E-04   1.03264499    
  -10.4800014       2.27814744E-04   1.02983499    
  -10.4400015       2.37319095E-04   1.02679706    
  -10.4000015       2.44223920E-04   1.02841806    
  -10.3600016       2.50497164E-04   1.01367140    
  -10.3200016       2.58988322E-04   1.02504420    
  -10.2800016       2.70719902E-04   1.02203703    
  -10.2400017       2.77385261E-04   1.02379894    
  -10.2000017       2.94412574E-04   1.02077556    
  -10.1600018       3.01763881E-04   1.01557803    
  -10.1200018       3.08108720E-04   1.01892292    
  -10.0800018       3.17814731E-04   1.01904273    
  -10.0400019       3.35132587E-04   1.02163124    
  -10.0000019       3.49341775E-04   1.01361024    
  -9.96000195       3.58867401E-04   1.01562262    
  -9.92000198       3.75491043E-04   1.01651764    
  -9.88000202       3.87804088E-04   1.01299906    
  -9.84000206       4.02372651E-04   1.01785767    
  -9.80000210       4.17804229E-04   1.01318288    
  -9.76000214       4.34925023E-04   1.01195931    
  -9.72000217       4.41504584E-04   1.01491416    
  -9.68000221       4.52359614E-04   1.01305628    
  -9.64000225       4.59321745E-04   1.01352358    
  -9.60000229       4.66198224E-04   1.01188219    
  -9.56000233       4.76724294E-04   1.01341152    
  -9.52000237       4.76088782E-04   1.01019633    
  -9.48000240       4.82938980E-04   1.01414549    
  -9.44000244       5.01497183E-04   1.01465786    
  -9.40000248       5.11130376E-04   1.01557326    
  -9.36000252       5.14946296E-04   1.01823163    
  -9.32000256       5.30405261E-04   1.01940370    
  -9.28000259       5.33839513E-04   1.01984978    
  -9.24000263       5.47659176E-04   1.02195764    
  -9.20000267       5.47573960E-04   1.02503550    
  -9.16000271       5.60536399E-04   1.02276003    
  -9.12000275       5.66620147E-04   1.02202570    
  -9.08000278       5.83217770E-04   1.01929212    
  -9.04000282       5.91958000E-04   1.01987445    
  -9.00000286       6.04127534E-04   1.02006972    
  -8.96000290       6.06347341E-04   1.01940787    
  -8.92000294       6.17616577E-04   1.01693499    
  -8.88000298       6.33311982E-04   1.01626956    
  -8.84000301       6.33050397E-04   1.01720333    
  -8.80000305       6.45816501E-04   1.01621294    
  -8.76000309       6.65457279E-04   1.01592791    
  -8.72000313       6.69310684E-04   1.01539981    
  -8.68000317       6.78886427E-04   1.01406705    
  -8.64000320       6.93489041E-04   1.01402962    
  -8.60000324       7.13299261E-04   1.01318145    
  -8.56000328       7.12659210E-04   1.01208591    
  -8.52000332       7.37375056E-04   1.01028848    
  -8.48000336       7.45287223E-04   1.01105535    
  -8.44000340       7.58481736E-04   1.01056826    
  -8.40000343       7.78182060E-04   1.00894845    
  -8.36000347       7.92802195E-04   1.00918984    
  -8.32000351       8.07217963E-04   1.00880265    
  -8.28000355       8.13178485E-04   1.00940669    
  -8.24000359       8.35300598E-04   1.00826347    
  -8.20000362       8.42927606E-04   1.00825858    
  -8.16000366       8.60220753E-04   1.00750101    
  -8.12000370       8.81840358E-04   1.00685251    
  -8.08000374       9.13312077E-04   1.00746930    
  -8.04000378       9.09612689E-04   1.00588298    
  -8.00000381       9.45329375E-04   1.00549412    
  -7.96000385       9.42546234E-04   1.00428951    
  -7.92000389       9.71343194E-04   1.00462747    
  -7.88000393       1.01219560E-03   1.00437617    
  -7.84000397       1.03248481E-03   1.00365627    
  -7.80000401       1.04215776E-03   1.00367272    
  -7.76000404       1.07519841E-03   1.00259018    
  -7.72000408       1.07650214E-03   1.00301826    
  -7.68000412       1.11115200E-03   1.00199008    
  -7.64000416       1.13182457E-03   1.00240111    
  -7.60000420       1.15653663E-03   1.00179219    
  -7.56000423       1.19675556E-03   1.00100815    
  -7.52000427       1.20994647E-03   1.00055349    
  -7.48000431       1.26672082E-03  0.999923587    
  -7.44000435       1.27301423E-03  0.999371231    
  -7.40000439       1.30733149E-03  0.998771787    
  -7.36000443       1.32856786E-03  0.998213410    
  -7.32000446       1.37098634E-03  0.997295082    
  -7.28000450       1.40285073E-03  0.996453345    
  -7.24000454       1.44310750E-03  0.995806575    
  -7.20000458       1.47808844E-03  0.994798660    
  -7.16000462       1.50741439E-03  0.993225574    
  -7.12000465       1.57290511E-03  0.992188692    
  -7.08000469       1.59934268E-03  0.990045071    
  -7.04000473       1.65587699E-03  0.988334656    
  -7.00000477       1.69269624E-03  0.985364199    
  -6.96000481       1.74265506E-03  0.981656313    
  -6.92000484       1.82392832E-03  0.977164984    
  -6.88000488       1.89075980E-03  0.969515026    
  -6.84000492       1.98040111E-03  0.954722166    
  -6.80000496       2.03880877E-03  0.951970935    
  -6.76000500       2.05547106E-03  0.955205679    
  -6.72000504       2.11826735E-03  0.952931285    
  -6.68000507       2.11669574E-03  0.955810010    
  -6.64000511       2.14475580E-03  0.955015540    
  -6.60000515       2.21111765E-03  0.955312371    
  -6.56000519       2.24909931E-03  0.956321299    
  -6.52000523       2.28413776E-03  0.956569374    
  -6.48000526       2.33046198E-03  0.957559407    
  -6.44000530       2.40547699E-03  0.957949102    
  -6.40000534       2.43945140E-03  0.958309054    
  -6.36000538       2.47350615E-03  0.959925473    
  -6.32000542       2.55485624E-03  0.959445417    
  -6.28000546       2.62034871E-03  0.960273266    
  -6.24000549       2.70046783E-03  0.960714102    
  -6.20000553       2.75038765E-03  0.961371839    
  -6.16000557       2.85130390E-03  0.962246180    
  -6.12000561       2.88579031E-03  0.962009311    
  -6.08000565       2.99928826E-03  0.962698996    
  -6.04000568       3.08734667E-03  0.963498175    
  -6.00000572       3.46207595E-03  0.928546309    
  -5.96000576       3.87115777E-03  0.901569247    
  -5.92000580       4.15271567E-03  0.892494977    
  -5.88000584       4.51505743E-03  0.883200765    
  -5.84000587       4.87375818E-03  0.875369132    
  -5.80000591       5.19934343E-03  0.867654622    
  -5.76000595       5.62600745E-03  0.861095190    
  -5.72000599       6.14120811E-03  0.850634098    
  -5.68000603       6.85101002E-03  0.827329934    
  -5.64000607       7.33396737E-03  0.814608037    
  -5.60000610       7.59177888E-03  0.812311947    
  -5.56000614       7.86785129E-03  0.808755159    
  -5.52000618       8.31431430E-03  0.805817962    
  -5.48000622       8.96255579E-03  0.799096406    
  -5.44000626       9.89128835E-03  0.790183187    
  -5.40000629       9.95166693E-03  0.788346469    
  -5.36000633       9.95384343E-03  0.787054121    
  -5.32000637       1.01118470E-02  0.785793543    
  -5.28000641       1.01357326E-02  0.783854067    
  -5.24000645       1.02209011E-02  0.782963872    
  -5.20000648       1.02744885E-02  0.782566547    
  -5.16000652       1.03688128E-02  0.779258311    
  -5.12000656       1.04268175E-02  0.778736472    
  -5.08000660       1.04563339E-02  0.776470661    
  -5.04000664       1.06536150E-02  0.775452316    
  -5.00000668       1.06667392E-02  0.773147106    
  -4.96000671       1.07517960E-02  0.771293104    
  -4.92000675       1.09328898E-02  0.770630538    
  -4.88000679       1.09536266E-02  0.766659379    
  -4.84000683       1.09703904E-02  0.767653406    
  -4.80000687       1.07121086E-02  0.771535039    
  -4.76000690       1.06707066E-02  0.772507489    
  -4.72000694       1.06122820E-02  0.770942926    
  -4.68000698       1.07326489E-02  0.770096898    
  -4.64000702       1.05875628E-02  0.769539654    
  -4.60000706       1.06025906E-02  0.766665697    
  -4.56000710       1.06176520E-02  0.765749753    
  -4.52000713       1.05570145E-02  0.762108803    
  -4.48000717       1.05564445E-02  0.760503173    
  -4.44000721       1.06039373E-02  0.756906390    
  -4.40000725       1.05168475E-02  0.754069448    
  -4.36000729       1.04079852E-02  0.752550960    
  -4.32000732       1.06007475E-02  0.745679200    
  -4.28000736       1.05567258E-02  0.744545043    
  -4.24000740       1.04776612E-02  0.738909543    
  -4.20000744       1.05454782E-02  0.735999823    
  -4.16000748       1.06286919E-02  0.731116474    
  -4.12000751       1.04941521E-02  0.726482451    
  -4.08000755       1.04551464E-02  0.722604454    
  -4.04000759       1.04833115E-02  0.718559265    
  -4.00000763       1.04793338E-02  0.713294804    
  -3.96000767       1.05140014E-02  0.706370652    
  -3.92000771       1.05655156E-02  0.702205896    
  -3.88000774       1.04925195E-02  0.696958065    
  -3.84000778       1.21237598E-02  0.725952625    
  -3.80000782       1.42491832E-02  0.757906556    
  -3.76000786       1.57516375E-02  0.777477741    
  -3.72000790       1.73444878E-02  0.786007881    
  -3.68000793       1.94779523E-02  0.778892636    
  -3.64000797       2.26917397E-02  0.750376642    
  -3.60000801       2.56967302E-02  0.734221160    
  -3.56000805       2.77685504E-02  0.724507272    
  -3.52000809       3.00259721E-02  0.714836299    
  -3.48000813       3.16850133E-02  0.710156441    
  -3.44000816       3.41465324E-02  0.702499270    
  -3.40000820       3.54824811E-02  0.697073221    
  -3.36000824       3.74131612E-02  0.692279756    
  -3.32000828       3.85033190E-02  0.689430296    
  -3.28000832       4.13556620E-02  0.689136267    
  -3.24000835       4.51979190E-02  0.690204918    
  -3.20000839       4.91793640E-02  0.696314752    
  -3.16000843       5.36965877E-02  0.702537477    
  -3.12000847       5.81513755E-02  0.710703433    
  -3.08000851       6.34815991E-02  0.719886661    
  -3.04000854       7.03968033E-02  0.731009662    
  -3.00000858       7.73935542E-02  0.744774580    
  -2.96000862       8.67618322E-02  0.761507630    
  -2.92000866       9.91309211E-02  0.780924082    
  -2.88000870      0.113553047      0.801896393    
  -2.84000874      0.115644448      0.803822637    
  -2.80000877      0.114985369      0.804151058    
  -2.76000881      0.115677074      0.802343428    
  -2.72000885      0.117144980      0.797710121    
  -2.68000889      0.117946595      0.793612242    
  -2.64000893      0.119468406      0.788594246    
  -2.60000896      0.123683818      0.780393362    
  -2.56000900      0.124960303      0.775992513    
  -2.52000904      0.124026291      0.774603367    
  -2.48000908      0.124132834      0.773523033    
  -2.44000912      0.122520298      0.773249209    
  -2.40000916      0.122622393      0.772980213    
  -2.36000919      0.121454872      0.771856129    
  -2.32000923      0.121153824      0.770693779    
  -2.28000927      0.120085657      0.770028889    
  -2.24000931      0.119470097      0.767673194    
  -2.20000935      0.118175149      0.767942786    
  -2.16000938      0.118119135      0.766507745    
  -2.12000942      0.117218181      0.767731071    
  -2.08000946      0.115857288      0.764775276    
  -2.04000950      0.114952706      0.764906228    
  -2.00000954      0.115004838      0.765294194    
  -1.96000957      0.114663124      0.761342049    
  -1.92000961      0.115297087      0.759522557    
  -1.88000965      0.114756532      0.756398618    
  -1.84000969      0.114958525      0.754214525    
  -1.80000973      0.115215212      0.752754629    
  -1.76000977      0.115174882      0.749929070    
  -1.72000980      0.114878446      0.746514976    
  -1.68000984      0.114566125      0.743667006    
  -1.64000988      0.116092272      0.739702344    
  -1.60000992      0.116129525      0.735966384    
  -1.56000996      0.116507679      0.732405663    
  -1.52000999      0.117055833      0.729103744    
  -1.48001003      0.117327042      0.725654185    
  -1.44001007      0.117491759      0.722076774    
  -1.40001011      0.118278362      0.718693018    
  -1.36001015      0.117984809      0.715325475    
  -1.32001019      0.119005121      0.710997283    
  -1.28001022      0.118326887      0.708215535    
  -1.24001026      0.119848333      0.703451037    
  -1.20001030      0.121247686      0.698158801    
  -1.16001034      0.121340238      0.693979144    
  -1.12001038      0.120846286      0.692112327    
  -1.08001041      0.120170869      0.689164937    
  -1.04001045      0.119303033      0.686898530    
  -1.00001049      0.118473582      0.685076356    
 -0.960010469      0.116756141      0.682750165    
 -0.920010448      0.114719167      0.681027651    
 -0.880010426      0.113006175      0.681090951    
 -0.840010405      0.108771123      0.685542822    
 -0.800010383      0.107941315      0.685889125    
 -0.760010362      0.107842267      0.684403718    
 -0.720010340      0.108418360      0.684341073    
 -0.680010319      0.108263060      0.682568610    
 -0.640010297      0.108028427      0.681446731    
 -0.600010276      0.108421631      0.681813300    
 -0.560010254      0.108496942      0.680051386    
 -0.520010233      0.108519770      0.678740621    
 -0.480010241      0.108617805      0.679010332    
 -0.440010250      0.108769737      0.677748501    
 -0.400010258      0.108616821      0.676425219    
 -0.360010266      0.108601190      0.675949931    
 -0.320010275      0.108965188      0.676157415    
 -0.280010283      0.108654693      0.674646139    
 -0.240010291      0.108660340      0.673586488    
 -0.200010300      0.109448917      0.672884643    
 -0.160010308      0.109324932      0.672925115    
 -0.120010309      0.109098375      0.672426164    
  -8.00103098E-02  0.109030470      0.671151340    
  -4.00103107E-02  0.109510787      0.670925677    
  -1.03116035E-05  0.109652035      0.669342279    
   3.99896875E-02  0.109127186      0.669068575    
   7.99896866E-02  0.109022856      0.668659985    
  0.119989686      0.109122507      0.668092728    
  0.159989685      0.109648161      0.667773008    
  0.199989676      0.109417357      0.667204916    
  0.239989668      0.109280102      0.667977989    
  0.279989660      0.109101728      0.666232586    
  0.319989651      0.109445177      0.666217685    
  0.359989643      0.109138004      0.665115833    
  0.399989635      0.109181471      0.665047467    
  0.439989626      0.109860852      0.664945960    
  0.479989618      0.110198900      0.665131152    
  0.519989610      0.109364249      0.664465308    
  0.559989631      0.109438740      0.664187014    
  0.599989653      0.109237216      0.663688660    
  0.639989674      0.109729663      0.664398074    
  0.679989696      0.109725170      0.664019108    
  0.719989717      0.109349228      0.663543582    
  0.759989738      0.109727144      0.663950801    
  0.799989760      0.110230364      0.662437499    
  0.839989781      0.115273498      0.657254040    
  0.879989803      0.117458239      0.657422066    
  0.919989824      0.119547307      0.657627285    
  0.959989846      0.121093459      0.657966077    
  0.999989867      0.122194879      0.659627676    
   1.03998983      0.122920714      0.660826683    
   1.07998979      0.123703100      0.662333667    
   1.11998975      0.125668585      0.663057923    
   1.15998971      0.125127405      0.665293455    
   1.19998968      0.123868674      0.669106066    
   1.23998964      0.123111010      0.671123624    
   1.27998960      0.123164199      0.673740745    
   1.31998956      0.122336991      0.675447881    
   1.35998952      0.122726947      0.677099049    
   1.39998949      0.122692056      0.678711474    
   1.43998945      0.122211330      0.680250645    
   1.47998941      0.122768141      0.681525290    
   1.51998937      0.122153543      0.683058619    
   1.55998933      0.122229293      0.684495211    
   1.59998930      0.122206509      0.685333848    
   1.63998926      0.121664725      0.686741412    
   1.67998922      0.121609658      0.687292516    
   1.71998918      0.121865600      0.689970315    
   1.75998914      0.121876635      0.690080464    
   1.79998910      0.121772863      0.691262186    
   1.83998907      0.121532105      0.691739917    
   1.87998903      0.121709965      0.693041623    
   1.91998899      0.121518731      0.694189489    
   1.95998895      0.120519094      0.695574343    
   1.99998891      0.121516630      0.695918739    
   2.03998899      0.122006029      0.695663035    
   2.07998896      0.122393705      0.696334660    
   2.11998892      0.123420380      0.697036445    
   2.15998888      0.123341270      0.697993755    
   2.19998884      0.122918971      0.699267805    
   2.23998880      0.123408042      0.699161410    
   2.27998877      0.123349175      0.700398862    
   2.31998873      0.123140827      0.701985538    
   2.35998869      0.123025872      0.702254057    
   2.39998865      0.123609409      0.704191804    
   2.43998861      0.123055585      0.703805566    
   2.47998857      0.123438075      0.705670357    
   2.51998854      0.123868190      0.706721902    
   2.55998850      0.121038131      0.709421933    
   2.59998846      0.117326923      0.717134655    
   2.63998842      0.113592640      0.721393824    
   2.67998838      0.111341409      0.724998713    
   2.71998835      0.110159293      0.728277683    
   2.75998831      0.109115340      0.730101526    
   2.79998827      0.109323114      0.731153786    
   2.83998823      0.108290642      0.731380284    
   2.87998819      0.107580230      0.733450294    
   2.91998816      0.107244663      0.735883474    
   2.95998812      0.105659157      0.736936867    
   2.99998808      0.104361169      0.739508092    
   3.03998804      0.104233198      0.741812825    
   3.07998800      0.102965944      0.743749738    
   3.11998796      0.101453044      0.745216966    
   3.15998793      0.100944668      0.746775687    
   3.19998789      0.100886256      0.750989616    
   3.23998785       9.85218138E-02  0.753571212    
   3.27998781       9.75921601E-02  0.754917562    
   3.31998777       9.60696116E-02  0.756906867    
   3.35998774       9.52931195E-02  0.759014606    
   3.39998770       9.42098945E-02  0.762345314    
   3.43998766       9.33821052E-02  0.764976859    
   3.47998762       9.25065875E-02  0.766729891    
   3.51998758       9.10814777E-02  0.769148290    
   3.55998755       9.00841504E-02  0.773219764    
   3.59998751       8.85143578E-02  0.776671410    
   3.63998747       8.68652016E-02  0.784984112    
   3.67998743       8.66050422E-02  0.787665069    
   3.71998739       8.68882090E-02  0.790914774    
   3.75998735       8.70145559E-02  0.792297006    
   3.79998732       8.68163779E-02  0.793995798    
   3.83998728       8.70255530E-02  0.795284629    
   3.87998724       8.69418979E-02  0.798329115    
   3.91998720       8.73028114E-02  0.799297333    
   3.95998716       8.71231183E-02  0.801827669    
   3.99998713       8.72275382E-02  0.803648293    
   4.03998709       8.79357159E-02  0.805475831    
   4.07998705       8.69769827E-02  0.808445752    
   4.11998701       8.72768164E-02  0.809831858    
   4.15998697       8.73579457E-02  0.811626136    
   4.19998693       8.73214230E-02  0.814979017    
   4.23998690       8.67839307E-02  0.817724705    
   4.27998686       8.72428864E-02  0.819927692    
   4.31998682       8.75241160E-02  0.820005000    
   4.35998678       8.79869014E-02  0.821865082    
   4.39998674       8.86986479E-02  0.821342528    
   4.43998671       8.93888101E-02  0.822076678    
   4.47998667       8.98152292E-02  0.822423279    
   4.51998663       9.01255310E-02  0.823664248    
   4.55998659       9.10630375E-02  0.822976768    
   4.59998655       9.14446414E-02  0.823835015    
   4.63998652       9.19212997E-02  0.824644506    
   4.67998648       9.23227444E-02  0.824761868    
   4.71998644       9.28104818E-02  0.824910164    
   4.75998640       9.26176831E-02  0.824918985    
   4.79998636       9.40006301E-02  0.825570285    
   4.83998632       9.45801884E-02  0.825646222    
   4.87998629       9.54328924E-02  0.825822055    
   4.91998625       9.48073491E-02  0.826871693    
   4.95998621       9.53984559E-02  0.826969028    
   4.99998617       9.59807560E-02  0.828130960    
   5.03998613       9.61281955E-02  0.828321397    
   5.07998610       9.64488536E-02  0.829866111    
   5.11998606       9.74907130E-02  0.829812229    
   5.15998602       9.76811796E-02  0.828987420    
   5.19998598       9.78540853E-02  0.830598235    
   5.23998594       9.83434841E-02  0.830614626    
   5.27998590       9.80924368E-02  0.831178129    
   5.31998587       9.85120311E-02  0.831720412    
   5.35998583       9.90429670E-02  0.832210362    
   5.39998579       9.50549841E-02  0.826538146    
   5.43998575       8.13476667E-02  0.810665667    
   5.47998571       6.43444657E-02  0.777835369    
   5.51998568       4.98938076E-02  0.739070714    
   5.55998564       4.12099846E-02  0.702881038    
   5.59998560       3.68422605E-02  0.690641165    
   5.63998556       3.27080861E-02  0.677416146    
   5.67998552       2.91300416E-02  0.668304503    
   5.71998549       2.53457110E-02  0.658871531    
   5.75998545       2.27330755E-02  0.650119126    
   5.79998541       1.99478976E-02  0.645953953    
   5.83998537       1.79643668E-02  0.641430199    
   5.87998533       1.58360172E-02  0.640392125    
   5.91998529       1.40341222E-02  0.640631139    
   5.95998526       1.21295610E-02  0.646141469    
   5.99998522       1.05758626E-02  0.654641688    
   6.03998518       9.04627517E-03  0.668265581    
   6.07998514       7.87472818E-03  0.682889760    
   6.11998510       6.69305446E-03  0.704057097    
   6.15998507       5.56811877E-03  0.734516621    
   6.19998503       4.48388746E-03  0.777641118    
   6.23998499       3.42278671E-03  0.851294696    
   6.27998495       2.59278785E-03  0.945913792    
   6.31998491       2.49537500E-03  0.958629251    
   6.35998487       2.42056884E-03  0.957834601    
   6.39998484       2.34992383E-03  0.957667589    
   6.43998480       2.33822805E-03  0.956526637    
   6.47998476       2.27568974E-03  0.955857575    
   6.51998472       2.21408717E-03  0.955651879    
   6.55998468       2.20288103E-03  0.955241263    
   6.59998465       2.13463395E-03  0.952719271    
   6.63998461       2.09211069E-03  0.952901483    
   6.67998457       2.06481037E-03  0.952753007    
   6.71998453       2.01007025E-03  0.951233864    
   6.75998449       1.98608753E-03  0.950483084    
   6.79998446       1.94120570E-03  0.950239599    
   6.83998442       1.82227802E-03  0.965828001    
   6.87998438       1.75062160E-03  0.974528491    
   6.91998434       1.70333905E-03  0.978911877    
   6.95998430       1.66864600E-03  0.983031511    
   6.99998426       1.61247700E-03  0.985639930    
   7.03998423       1.54750003E-03  0.987503827    
   7.07998419       1.51722878E-03  0.988884330    
   7.11998415       1.46303617E-03  0.990044534    
   7.15998411       1.42273644E-03  0.991320133    
   7.19998407       1.37456867E-03  0.992331266    
   7.23998404       1.34417682E-03  0.993166566    
   7.27998400       1.30528631E-03  0.993874788    
   7.31998396       1.27420982E-03  0.994300783    
   7.35998392       1.24803395E-03  0.994798362    
   7.39998388       1.19148486E-03  0.995318055    
   7.43998384       1.18064752E-03  0.995739877    
   7.47998381       1.15122076E-03  0.996196091    
   7.51998377       1.10672961E-03  0.996413469    
   7.55998373       1.10421435E-03  0.996679604    
   7.59998369       1.06458180E-03  0.996970952    
   7.63998365       1.03508052E-03  0.997252882    
   7.67998362       1.00334559E-03  0.997415483    
   7.71998358       9.90080996E-04  0.997608244    
   7.75998354       9.66036750E-04  0.997692168    
   7.79998350       9.49694775E-04  0.997916937    
   7.83998346       9.24061751E-04  0.998056471    
   7.87998343       9.04484419E-04  0.998137116    
   7.91998339       8.79728526E-04  0.998242497    
   7.95998335       8.62488057E-04  0.998377562    
   7.99998331       8.41709727E-04  0.998474836    
   8.03998375       8.30797944E-04  0.998547316    
   8.07998371       8.02514376E-04  0.998658001    
   8.11998367       7.89464160E-04  0.998749375    
   8.15998363       7.73579755E-04  0.998810530    
   8.19998360       7.53139320E-04  0.998851180    
   8.23998356       7.39108305E-04  0.998926461    
   8.27998352       7.19660253E-04  0.998985767    
   8.31998348       7.06826628E-04  0.999023378    
   8.35998344       6.98742922E-04  0.999084413    
   8.39998341       6.72183174E-04  0.999147773    
   8.43998337       6.62951556E-04  0.999176919    
   8.47998333       6.51296461E-04  0.999215484    
   8.51998329       6.43714739E-04  0.999245524    
   8.55998325       6.21109793E-04  0.999294221    
   8.59998322       6.13933429E-04  0.999328196    
   8.63998318       5.99965802E-04  0.999353170    
   8.67998314       5.88903611E-04  0.999387443    
   8.71998310       5.83618181E-04  0.999404550    
   8.75998306       5.70517033E-04  0.999434590    
   8.79998302       5.58341737E-04  0.999453723    
   8.83998299       5.45225164E-04  0.999478698    
   8.87998295       5.34085033E-04  0.999509156    
   8.91998291       5.23307419E-04  0.999534726    
   8.95998287       5.13598439E-04  0.999546587    
   8.99998283       5.00992464E-04  0.999567747    
   9.03998280       5.00644848E-04  0.999593794    
   9.07998276       4.84319025E-04  0.999598563    
   9.11998272       4.80892981E-04  0.999616683    
   9.15998268       4.72103828E-04  0.999644279    
   9.19998264       4.59431438E-04  0.999663770    
   9.23998260       4.53179120E-04  0.999663174    
   9.27998257       4.46432794E-04  0.999787390    
   9.31998253       4.33827983E-04   1.00028419    
   9.35998249       4.29840613E-04   1.00091171    
   9.39998245       4.27617866E-04   1.00149906    
   9.43998241       4.16139490E-04   1.00223780    
   9.47998238       4.14519192E-04   1.00278318    
   9.51998234       3.99953569E-04   1.00357640    
   9.55998230       3.95304873E-04   1.00444329    
   9.59998226       3.90522153E-04   1.00497127    
   9.63998222       3.83177772E-04   1.00598061    
   9.67998219       3.82627011E-04   1.00680864    
   9.71998215       3.72760638E-04   1.00756359    
   9.75998211       3.71016649E-04   1.00843155    
   9.79998207       3.61023849E-04   1.00965202    
   9.83998203       3.53721349E-04   1.01078272    
   9.87998199       3.49324226E-04   1.01212430    
   9.91998196       3.45717679E-04   1.01322019    
   9.95998192       3.36540717E-04   1.01437998    
   9.99998188       3.35496094E-04   1.01477480    
   10.0399818       3.28317488E-04   1.01675582    
   10.0799818       3.28519993E-04   1.01795900    
   10.1199818       3.20442923E-04   1.01998615    
   10.1599817       3.15406185E-04   1.02116084    
   10.1999817       3.10835283E-04   1.02292466    
   10.2399817       3.09566181E-04   1.02456641    
   10.2799816       3.04007262E-04   1.02647674    
   10.3199816       3.02205328E-04   1.02775156    
   10.3599815       2.96219019E-04   1.03050125    
   10.3999815       2.89447489E-04   1.03385222    
   10.4399815       2.86553288E-04   1.03367603    
   10.4799814       2.86153925E-04   1.03643608    
   10.5199814       2.82127789E-04   1.03888285    
   10.5599813       2.75168626E-04   1.04323888    
   10.5999813       2.75768951E-04   1.04421580    
   10.6399813       2.66780087E-04   1.04831195    
   10.6799812       2.64835166E-04   1.05147600    
   10.7199812       2.66199728E-04   1.05182135    
   10.7599812       2.65335402E-04   1.05566156    
   10.7999811       2.59254710E-04   1.06042635    
   10.8399811       2.53459002E-04   1.06276536    
   10.8799810       2.50366254E-04   1.06595516    
   10.9199810       2.51163525E-04   1.07001078    
   10.9599810       2.45902629E-04   1.07418036    
   10.9999809       2.48723023E-04   1.07689476    
   11.0399809       2.44482537E-04   1.08293736    
   11.0799809       2.39546658E-04   1.08799994    
   11.1199808       2.37334811E-04   1.09365857    
   11.1599808       2.36568259E-04   1.09820652    
   11.1999807       2.38500463E-04   1.09986496    
   11.2399807       2.30527541E-04   1.11157775    
   11.2799807       2.32672595E-04   1.11490726    
   11.3199806       2.28275559E-04   1.12592971    
   11.3599806       2.31701095E-04   1.13260984    
   11.3999805       2.28687946E-04   1.13997543    
   11.4399805       2.28773977E-04   1.14748979    
   11.4799805       2.26393648E-04   1.15408909    
   11.5199804       2.25859418E-04   1.16237438    
   11.5599804       2.25245822E-04   1.17232811    
   11.5999804       2.21387978E-04   1.18237662    
   11.6399803       2.21778668E-04   1.19221723    
   11.6799803       2.21503506E-04   1.20428884    
   11.7199802       2.19273265E-04   1.21720529    
   11.7599802       2.20711707E-04   1.22648108    
   11.7999802       2.21511102E-04   1.23347557    
   11.8399801       2.20146860E-04   1.25267148    
   11.8799801       2.17282228E-04   1.26916909    
   11.9199800       2.18585672E-04   1.27469242    
   11.9599800       2.20042741E-04   1.28782678    
