 # 2site DOS and GIPR created by main.f90 with subroutines in routines.f90
 #
# parameters: U =  4.00  t = -1.00  W = 12.00
# nbins = 600     ensemble size =    10000000
 #
 # Filling:  0.216953129    
 # Filling Error:   3.88116972E-03
 #
 #  Frequency           DOS            GIPR
  -12.0000000       4.32289244E-06  0.500000000    
  -11.9600000       4.83608892E-06  0.500000000    
  -11.9200001       5.24985990E-06  0.500000000    
  -11.8800001       5.42056569E-06  0.500000000    
  -11.8400002       5.88633566E-06  0.500000000    
  -11.8000002       6.05438890E-06  0.500000000    
  -11.7600002       6.61710828E-06  0.500000000    
  -11.7200003       6.85549185E-06  0.500000000    
  -11.6800003       7.02870648E-06  0.500000000    
  -11.6400003       7.24065603E-06  0.500000000    
  -11.6000004       7.37744676E-06  0.500000000    
  -11.5600004       7.59117074E-06  0.500000000    
  -11.5200005       7.70186489E-06  0.500000000    
  -11.4800005       7.97918347E-06  0.500000000    
  -11.4400005       7.85047541E-06  0.500000000    
  -11.4000006       8.36187155E-06  0.500000000    
  -11.3600006       8.33173544E-06  0.500000000    
  -11.3200006       8.64764934E-06  0.500000000    
  -11.2800007       8.84083602E-06  0.500000000    
  -11.2400007       8.81453252E-06  0.500000000    
  -11.2000008       9.06493642E-06  0.500000000    
  -11.1600008       9.72515227E-06  0.500000000    
  -11.1200008       9.32311559E-06  0.500000000    
  -11.0800009       1.00133884E-05   1.10902238    
  -11.0400009       9.98237374E-06  0.500000000    
  -11.0000010       1.04735627E-05   1.07544827    
  -10.9600010       1.02342156E-05   1.08192277    
  -10.9200010       1.06587477E-05   1.10124767    
  -10.8800011       1.06185089E-05   1.09592378    
  -10.8400011       1.10025221E-05   1.10709000    
  -10.8000011       1.14570839E-05   1.08003807    
  -10.7600012       1.16196843E-05   1.08955860    
  -10.7200012       1.15233952E-05   1.09662962    
  -10.6800013       1.22080910E-05   1.10079038    
  -10.6400013       1.22580814E-05   1.08165574    
  -10.6000013       1.30245826E-05   1.07182932    
  -10.5600014       1.28112779E-05   1.09128451    
  -10.5200014       1.29186965E-05   1.08603024    
  -10.4800014       1.33401172E-05   1.05706429    
  -10.4400015       1.37213938E-05   1.06794202    
  -10.4000015       1.44946625E-05   1.07586801    
  -10.3600016       1.48317658E-05   1.07514346    
  -10.3200016       1.52194125E-05   1.07492042    
  -10.2800016       1.56108363E-05   1.06566250    
  -10.2400017       1.54650697E-05   1.07979727    
  -10.2000017       1.62308479E-05   1.05767775    
  -10.1600018       1.63801051E-05   1.07670009    
  -10.1200018       1.72703094E-05   1.06559777    
  -10.0800018       1.70220355E-05   1.07210386    
  -10.0400019       1.79088456E-05   1.06327558    
  -10.0000019       1.81978721E-05   1.08250701    
  -9.96000195       1.88587492E-05   1.06562424    
  -9.92000198       1.95074317E-05   1.06690609    
  -9.88000202       1.91312211E-05   1.05796289    
  -9.84000206       2.00896066E-05   1.07411253    
  -9.80000210       2.11738297E-05   1.05393672    
  -9.76000214       2.12384093E-05   1.05837297    
  -9.72000217       2.16810149E-05   1.05602038    
  -9.68000221       2.19011981E-05   1.07315755    
  -9.64000225       2.23429579E-05   1.06998444    
  -9.60000229       2.37293789E-05   1.04630315    
  -9.56000233       2.42079677E-05   1.06385159    
  -9.52000237       2.52154077E-05   1.05668509    
  -9.48000240       2.45150841E-05   1.07118464    
  -9.44000244       2.65632534E-05   1.04963434    
  -9.40000248       2.63665079E-05   1.06088901    
  -9.36000252       2.81804660E-05   1.03128290    
  -9.32000256       2.93069752E-05   1.04424715    
  -9.28000259       2.99524327E-05   1.06322706    
  -9.24000263       3.10218129E-05   1.05307710    
  -9.20000267       3.12131706E-05   1.03621352    
  -9.16000271       3.23633176E-05   1.03904271    
  -9.12000275       3.35736950E-05   1.04203975    
  -9.08000278       3.46673223E-05   1.03517258    
  -9.04000282       3.44787732E-05   1.04624164    
  -9.00000286       3.58135621E-05   1.03933239    
  -8.96000290       3.63291510E-05   1.03262401    
  -8.92000294       3.83521001E-05   1.03575730    
  -8.88000298       3.94436247E-05   1.04293501    
  -8.84000301       4.19378885E-05   1.03970301    
  -8.80000305       4.13148846E-05   1.03956020    
  -8.76000309       4.37666313E-05   1.03984666    
  -8.72000313       4.42121018E-05   1.03551185    
  -8.68000317       4.61391319E-05   1.03914034    
  -8.64000320       4.83540243E-05   1.02841258    
  -8.60000324       5.02873154E-05   1.02577794    
  -8.56000328       5.10507962E-05   1.03269994    
  -8.52000332       5.22205155E-05   1.02338624    
  -8.48000336       5.50825207E-05   1.02287841    
  -8.44000340       5.72158460E-05   1.02790654    
  -8.40000343       5.69188742E-05   1.02862144    
  -8.36000347       6.18286940E-05   1.02641571    
  -8.32000351       6.24533568E-05   1.03202021    
  -8.28000355       6.45865075E-05   1.02727151    
  -8.24000359       6.73776085E-05   1.02183151    
  -8.20000362       6.97350843E-05   1.02543247    
  -8.16000366       7.21674078E-05   1.02950692    
  -8.12000370       7.51971747E-05   1.02102482    
  -8.08000374       7.94187727E-05   1.01946819    
  -8.04000378       7.81099952E-05   1.01589131    
  -8.00000381       8.43341622E-05   1.01573014    
  -7.96000385       8.62234738E-05   1.01908648    
  -7.92000389       9.15490746E-05   1.01644731    
  -7.88000393       9.24308843E-05   1.01456094    
  -7.84000397       9.65986983E-05   1.01466095    
  -7.80000401       9.89969631E-05   1.01752126    
  -7.76000404       1.08167369E-04   1.01511526    
  -7.72000408       1.11246678E-04   1.01321340    
  -7.68000412       1.13557224E-04   1.01270032    
  -7.64000416       1.22175843E-04   1.01237774    
  -7.60000420       1.21535813E-04   1.01417470    
  -7.56000423       1.26538900E-04   1.01402521    
  -7.52000427       1.33656184E-04   1.01053143    
  -7.48000431       1.40148390E-04   1.00959647    
  -7.44000435       1.43196245E-04   1.00661552    
  -7.40000439       1.52650755E-04   1.01137495    
  -7.36000443       1.53017027E-04   1.01060605    
  -7.32000446       1.68384722E-04   1.00866044    
  -7.28000450       1.74972942E-04   1.00795197    
  -7.24000454       1.82996257E-04   1.00672615    
  -7.20000458       1.91143976E-04   1.00802505    
  -7.16000462       1.97953370E-04   1.00567567    
  -7.12000465       2.06547295E-04   1.00879800    
  -7.08000469       2.15576627E-04   1.00693095    
  -7.04000473       2.28627425E-04   1.00611758    
  -7.00000477       2.42281531E-04   1.00599027    
  -6.96000481       2.47083488E-04   1.00636768    
  -6.92000484       2.62056623E-04   1.00510991    
  -6.88000488       2.73674901E-04   1.00528491    
  -6.84000492       2.96550861E-04   1.00456715    
  -6.80000496       3.19796236E-04   1.00421441    
  -6.76000500       3.20567749E-04   1.00407946    
  -6.72000504       3.38236918E-04   1.00294697    
  -6.68000507       3.60874430E-04   1.00301719    
  -6.64000511       3.75800766E-04   1.00178421    
  -6.60000515       3.95523006E-04   1.00337541    
  -6.56000519       4.28532454E-04   1.00246191    
  -6.52000523       4.59573959E-04   1.00201416    
  -6.48000526       4.76501562E-04   1.00173557    
  -6.44000530       5.09997190E-04   1.00139141    
  -6.40000534       5.55616629E-04   1.00130117    
  -6.36000538       6.07945840E-04   1.00060868    
  -6.32000542       6.37674646E-04   1.00029385    
  -6.28000546       7.04853970E-04  0.998504102    
  -6.24000549       7.71632069E-04  0.997446597    
  -6.20000553       8.46134964E-04  0.995963395    
  -6.16000557       9.31020186E-04  0.991644502    
  -6.12000561       1.06575608E-03  0.970382094    
  -6.08000565       1.28534774E-03  0.934581339    
  -6.04000568       1.35140959E-03  0.934327364    
  -6.00000572       1.40025513E-03  0.938438654    
  -5.96000576       1.48098939E-03  0.943349838    
  -5.92000580       1.58719090E-03  0.946897864    
  -5.88000584       1.69647846E-03  0.949942827    
  -5.84000587       1.82807841E-03  0.956811845    
  -5.80000591       1.95651129E-03  0.961508751    
  -5.76000595       2.27602082E-03  0.960600019    
  -5.72000599       3.34732584E-03  0.932101130    
  -5.68000603       5.06246742E-03  0.896737337    
  -5.64000607       5.25698159E-03  0.882130146    
  -5.60000610       5.20574301E-03  0.883753657    
  -5.56000614       5.18220104E-03  0.880397141    
  -5.52000618       5.13545424E-03  0.880474865    
  -5.48000622       5.14836749E-03  0.880111158    
  -5.44000626       5.11882687E-03  0.880292058    
  -5.40000629       5.16782561E-03  0.881006598    
  -5.36000633       5.12251025E-03  0.877755404    
  -5.32000637       5.14902314E-03  0.878514349    
  -5.28000641       5.21140965E-03  0.870653391    
  -5.24000645       5.26464498E-03  0.860368788    
  -5.20000648       5.41083002E-03  0.855366468    
  -5.16000652       5.33676101E-03  0.850117087    
  -5.12000656       5.35900611E-03  0.844706655    
  -5.08000660       5.48761850E-03  0.840597928    
  -5.04000664       5.56211639E-03  0.838250160    
  -5.00000668       5.61434636E-03  0.833075225    
  -4.96000671       5.64304274E-03  0.827952921    
  -4.92000675       5.70410630E-03  0.825509965    
  -4.88000679       5.72917517E-03  0.823285401    
  -4.84000683       5.62923308E-03  0.828353226    
  -4.80000687       5.37884701E-03  0.837899506    
  -4.76000690       5.25899837E-03  0.843314230    
  -4.72000694       5.17341681E-03  0.848449647    
  -4.68000698       5.03340550E-03  0.847739637    
  -4.64000702       5.04389405E-03  0.852355599    
  -4.60000706       4.88243019E-03  0.852380216    
  -4.56000710       4.82680695E-03  0.854390860    
  -4.52000713       4.74533951E-03  0.854470849    
  -4.48000717       4.70477156E-03  0.855540633    
  -4.44000721       4.67469776E-03  0.854637682    
  -4.40000725       4.62835515E-03  0.854615867    
  -4.36000729       4.47657797E-03  0.853833020    
  -4.32000732       4.44935588E-03  0.854821682    
  -4.28000736       4.34745662E-03  0.852577686    
  -4.24000740       4.24289377E-03  0.852386057    
  -4.20000744       4.24874155E-03  0.854826450    
  -4.16000748       4.13372787E-03  0.852019310    
  -4.12000751       4.09466214E-03  0.851161957    
  -4.08000755       4.02242038E-03  0.848382950    
  -4.04000759       4.02741274E-03  0.847091377    
  -4.00000763       3.92429857E-03  0.843801737    
  -3.96000767       3.92140169E-03  0.844729364    
  -3.92000771       5.97501779E-03  0.891649246    
  -3.88000774       1.05728563E-02  0.929677963    
  -3.84000778       1.38055636E-02  0.940465987    
  -3.80000782       1.56387538E-02  0.944803715    
  -3.76000786       1.74192656E-02  0.946369767    
  -3.72000790       1.86922606E-02  0.948102355    
  -3.68000793       2.03504339E-02  0.936880410    
  -3.64000797       2.30294243E-02  0.897319734    
  -3.60000801       2.50645168E-02  0.878710508    
  -3.56000805       2.65847929E-02  0.866713405    
  -3.52000809       2.75017936E-02  0.858101845    
  -3.48000813       2.89162416E-02  0.848991394    
  -3.44000816       2.97278613E-02  0.843594849    
  -3.40000820       3.04216780E-02  0.842262745    
  -3.36000824       3.12597938E-02  0.838518977    
  -3.32000828       3.17216218E-02  0.834548712    
  -3.28000832       3.24382037E-02  0.831466377    
  -3.24000835       3.29176597E-02  0.827654362    
  -3.20000839       3.33992578E-02  0.824655831    
  -3.16000843       3.39683518E-02  0.819594145    
  -3.12000847       3.42578851E-02  0.819778323    
  -3.08000851       3.47820930E-02  0.815527260    
  -3.04000854       3.50668468E-02  0.814762592    
  -3.00000858       3.55108641E-02  0.809727609    
  -2.96000862       3.60573567E-02  0.806502759    
  -2.92000866       3.65949273E-02  0.802050829    
  -2.88000870       3.72221731E-02  0.801519930    
  -2.84000874       3.73667926E-02  0.795288682    
  -2.80000877       3.76924872E-02  0.796818137    
  -2.76000881       3.78727093E-02  0.792353690    
  -2.72000885       3.82926166E-02  0.790730655    
  -2.68000889       3.88687402E-02  0.786438942    
  -2.64000893       3.92627083E-02  0.782838583    
  -2.60000896       3.97489481E-02  0.779284120    
  -2.56000900       3.99165414E-02  0.777631760    
  -2.52000904       4.01456282E-02  0.776855052    
  -2.48000908       4.05252837E-02  0.774242103    
  -2.44000912       4.10301238E-02  0.770295084    
  -2.40000916       4.16120626E-02  0.767598867    
  -2.36000919       4.20209877E-02  0.766885757    
  -2.32000923       4.22075130E-02  0.763232529    
  -2.28000927       4.27568369E-02  0.761135697    
  -2.24000931       4.29310687E-02  0.758377731    
  -2.20000935       4.33237739E-02  0.756608307    
  -2.16000938       4.37671877E-02  0.752988577    
  -2.12000942       4.39834036E-02  0.751671314    
  -2.08000946       4.41211574E-02  0.750731587    
  -2.04000950       4.44524065E-02  0.747821271    
  -2.00000954       4.47749496E-02  0.747035682    
  -1.96000957       4.52552475E-02  0.743517578    
  -1.92000961       4.57448512E-02  0.740826964    
  -1.88000965       4.62780483E-02  0.740036428    
  -1.84000969       4.63262983E-02  0.736106813    
  -1.80000973       4.73904349E-02  0.733200371    
  -1.76000977       4.77225706E-02  0.729995370    
  -1.72000980       4.82810289E-02  0.728014231    
  -1.68000984       4.88779396E-02  0.725755811    
  -1.64000988       4.95948419E-02  0.723287046    
  -1.60000992       5.03023453E-02  0.721005499    
  -1.56000996       5.07200621E-02  0.719845176    
  -1.52000999       5.12730926E-02  0.716498613    
  -1.48001003       5.23334481E-02  0.713462889    
  -1.44001007       5.29877432E-02  0.712888300    
  -1.40001011       5.33502661E-02  0.709299922    
  -1.36001015       5.45512214E-02  0.706772983    
  -1.32001019       5.55244051E-02  0.703155577    
  -1.28001022       5.70197962E-02  0.700316727    
  -1.24001026       5.86451814E-02  0.695279777    
  -1.20001030       6.05590828E-02  0.689989567    
  -1.16001034       6.26262724E-02  0.685707331    
  -1.12001038       6.34224340E-02  0.684091270    
  -1.08001041       6.45190924E-02  0.683377862    
  -1.04001045       6.66629076E-02  0.682000339    
  -1.00001049       6.75635487E-02  0.681688547    
 -0.960010469       6.92020953E-02  0.680511296    
 -0.920010448       7.13152438E-02  0.680848181    
 -0.880010426       7.24240541E-02  0.683550060    
 -0.840010405       6.89094216E-02  0.694093466    
 -0.800010383       6.95887357E-02  0.700313091    
 -0.760010362       7.22014159E-02  0.702702940    
 -0.720010340       7.40777925E-02  0.709118366    
 -0.680010319       7.64555410E-02  0.713568389    
 -0.640010297       7.96882957E-02  0.720884919    
 -0.600010276       8.39553475E-02  0.732190311    
 -0.560010254       8.92330483E-02  0.743081212    
 -0.520010233       9.59836394E-02  0.758836806    
 -0.480010241      0.104609586      0.774121284    
 -0.440010250      0.105013877      0.774477482    
 -0.400010258      0.105167709      0.774364829    
 -0.360010266      0.105015643      0.771299660    
 -0.320010275      0.104601242      0.770407796    
 -0.280010283      0.104596816      0.768308520    
 -0.240010291      0.104246490      0.767787278    
 -0.200010300      0.104758382      0.765752614    
 -0.160010308      0.104199924      0.764075518    
 -0.120010309      0.104085147      0.761839628    
  -8.00103098E-02  0.103831783      0.761222661    
  -4.00103107E-02  0.104105532      0.758600116    
  -1.03116035E-05   9.70292464E-02  0.770635426    
   3.99896875E-02   9.73806828E-02  0.767499864    
   7.99896866E-02   9.71199945E-02  0.765820682    
  0.119989686       9.78827626E-02  0.762073219    
  0.159989685       9.82661545E-02  0.759280980    
  0.199989676       9.84582454E-02  0.756233394    
  0.239989668       9.90153328E-02  0.754010975    
  0.279989660       9.85429659E-02  0.750263810    
  0.319989651       9.93224457E-02  0.748162448    
  0.359989643       9.97446030E-02  0.744161963    
  0.399989635       9.95795131E-02  0.742354810    
  0.439989626      0.100749932      0.739106596    
  0.479989618      0.100437306      0.737349272    
  0.519989610      0.100660987      0.734611094    
  0.559989631      0.101038337      0.732571959    
  0.599989653      0.100689173      0.729768336    
  0.639989674      0.101307906      0.726876557    
  0.679989696      0.101607606      0.724247336    
  0.719989717      0.101875782      0.722579300    
  0.759989738      0.103082687      0.718750596    
  0.799989760      0.103708789      0.716456711    
  0.839989781      0.108416349      0.706326663    
  0.879989803      0.111314528      0.702322423    
  0.919989824      0.112958230      0.701007724    
  0.959989846      0.114752643      0.699486136    
  0.999989867      0.117131270      0.698814750    
   1.03998983      0.118090585      0.698306918    
   1.07998979      0.119261362      0.697135925    
   1.11998975      0.120152675      0.696646452    
   1.15998971      0.120388426      0.697555363    
   1.19998968      0.118672796      0.700359464    
   1.23998964      0.118711129      0.701644421    
   1.27998960      0.119274028      0.702396631    
   1.31998956      0.119100116      0.703587949    
   1.35998952      0.118897684      0.703194916    
   1.39998949      0.118982658      0.703730404    
   1.43998945      0.119026929      0.703849316    
   1.47998941      0.119472392      0.704271138    
   1.51998937      0.119755767      0.704768240    
   1.55998933      0.120044664      0.704864621    
   1.59998930      0.119618550      0.704827547    
   1.63998926      0.119902328      0.705463052    
   1.67998922      0.120193467      0.705379844    
   1.71998918      0.120199092      0.705100596    
   1.75998914      0.120526075      0.705430210    
   1.79998910      0.120239951      0.706067502    
   1.83998907      0.120063432      0.706702054    
   1.87998903      0.120826848      0.706440628    
   1.91998899      0.121605843      0.706937075    
   1.95998895      0.121190555      0.706771016    
   1.99998891      0.121436469      0.705680370    
   2.03998899      0.122237846      0.705532610    
   2.07998896      0.123162024      0.705038488    
   2.11998892      0.123518065      0.704146981    
   2.15998888      0.123929001      0.704719841    
   2.19998884      0.124096386      0.704138100    
   2.23998880      0.123745181      0.703970313    
   2.27998877      0.124627620      0.704985082    
   2.31998873      0.124217279      0.705363929    
   2.35998869      0.125307098      0.706495821    
   2.39998865      0.124594755      0.706831872    
   2.43998861      0.125344664      0.706527114    
   2.47998857      0.125119552      0.707006991    
   2.51998854      0.125002578      0.706778884    
   2.55998850      0.123038903      0.710098684    
   2.59998846      0.119681962      0.716156483    
   2.63998842      0.117505103      0.718654633    
   2.67998838      0.114967294      0.722656488    
   2.71998835      0.113468938      0.724971473    
   2.75998831      0.112002984      0.726356387    
   2.79998827      0.112130798      0.725026429    
   2.83998823      0.112217687      0.726022482    
   2.87998819      0.111496486      0.727602303    
   2.91998816      0.110807776      0.728098691    
   2.95998812      0.110115521      0.729507506    
   2.99998808      0.109865807      0.729739189    
   3.03998804      0.108852714      0.730399191    
   3.07998800      0.108336441      0.732322156    
   3.11998796      0.107432917      0.733415544    
   3.15998793      0.106793284      0.735223234    
   3.19998789      0.106451780      0.736058116    
   3.23998785      0.104982696      0.737941206    
   3.27998781      0.104129680      0.739451349    
   3.31998777      0.102848202      0.740775526    
   3.35998774      0.102462739      0.741570592    
   3.39998770      0.101548947      0.743701041    
   3.43998766      0.100500315      0.744271219    
   3.47998762       9.91500691E-02  0.747677565    
   3.51998758       9.78445560E-02  0.747786522    
   3.55998755       9.62984487E-02  0.750257194    
   3.59998751       9.37910154E-02  0.753496408    
   3.63998747       9.12090838E-02  0.759224832    
   3.67998743       8.95380229E-02  0.758412480    
   3.71998739       8.81166384E-02  0.757211685    
   3.75998735       8.79162848E-02  0.756780148    
   3.79998732       8.84724483E-02  0.757219076    
   3.83998728       8.85407254E-02  0.757325649    
   3.87998724       8.83525461E-02  0.757952750    
   3.91998720       8.89331847E-02  0.758001506    
   3.95998716       8.97817016E-02  0.758029878    
   3.99998713       8.84973556E-02  0.759081900    
   4.03998709       8.94061327E-02  0.758833051    
   4.07998705       8.94975141E-02  0.760221124    
   4.11998701       9.01698768E-02  0.759813845    
   4.15998697       8.98973122E-02  0.759992719    
   4.19998693       9.06593725E-02  0.760097384    
   4.23998690       9.06917676E-02  0.760320365    
   4.27998686       9.05266330E-02  0.761668146    
   4.31998682       9.14706662E-02  0.761878371    
   4.35998678       9.10824388E-02  0.761954486    
   4.39998674       9.14025754E-02  0.763031244    
   4.43998671       9.12498161E-02  0.763475418    
   4.47998667       9.14367139E-02  0.764065564    
   4.51998663       9.20559987E-02  0.764240801    
   4.55998659       9.21952277E-02  0.763980985    
   4.59998655       9.23781469E-02  0.763667881    
   4.63998652       9.22124535E-02  0.766408026    
   4.67998648       9.23744217E-02  0.765664458    
   4.71998644       9.29891095E-02  0.765946925    
   4.75998640       9.30699855E-02  0.766672492    
   4.79998636       9.35071781E-02  0.767096996    
   4.83998632       9.34345424E-02  0.766124606    
   4.87998629       9.36647803E-02  0.766570628    
   4.91998625       9.35616791E-02  0.768124878    
   4.95998621       9.41983908E-02  0.769716859    
   4.99998617       9.31941047E-02  0.768803656    
   5.03998613       9.33645666E-02  0.770066440    
   5.07998610       9.47186723E-02  0.771041751    
   5.11998606       9.45899636E-02  0.770836353    
   5.15998602       9.47431177E-02  0.772127032    
   5.19998598       9.37721059E-02  0.773028195    
   5.23998594       9.39067006E-02  0.773562431    
   5.27998590       9.43873823E-02  0.774783969    
   5.31998587       9.51967612E-02  0.775486469    
   5.35998583       9.46159661E-02  0.777072728    
   5.39998579       9.45091471E-02  0.777150273    
   5.43998575       9.28402394E-02  0.779797554    
   5.47998571       9.12834927E-02  0.782299221    
   5.51998568       9.06093493E-02  0.783574224    
   5.55998564       8.99462253E-02  0.786602855    
   5.59998560       8.97458345E-02  0.788679004    
   5.63998556       8.87140557E-02  0.791042924    
   5.67998552       8.70034173E-02  0.794280589    
   5.71998549       8.60198960E-02  0.795771480    
   5.75998545       8.66715610E-02  0.798120856    
   5.79998541       8.58986154E-02  0.801259041    
   5.83998537       8.48659128E-02  0.802715003    
   5.87998533       8.47582147E-02  0.804663837    
   5.91998529       8.44142735E-02  0.806699514    
   5.95998526       8.37847069E-02  0.809372902    
   5.99998522       8.35201368E-02  0.813236594    
   6.03998518       8.29350054E-02  0.814114451    
   6.07998514       8.22943747E-02  0.816376805    
   6.11998510       8.25037882E-02  0.817871392    
   6.15998507       8.18189234E-02  0.821889520    
   6.19998503       8.19757059E-02  0.822416842    
   6.23998499       8.19628015E-02  0.825616539    
   6.27998495       8.12889785E-02  0.827351451    
   6.31998491       8.11443403E-02  0.829586864    
   6.35998487       8.11145157E-02  0.832065642    
   6.39998484       8.07212889E-02  0.834116578    
   6.43998480       8.01300332E-02  0.837964118    
   6.47998476       8.00889134E-02  0.840443432    
   6.51998472       7.99433440E-02  0.842005312    
   6.55998468       7.96434805E-02  0.846033931    
   6.59998465       7.91228563E-02  0.848931909    
   6.63998461       7.91044831E-02  0.852287412    
   6.67998457       7.82586262E-02  0.854388595    
   6.71998453       7.86653385E-02  0.856224298    
   6.75998449       7.88587257E-02  0.858013868    
   6.79998446       7.92439058E-02  0.858513713    
   6.83998442       7.95590132E-02  0.859610140    
   6.87998438       7.92808235E-02  0.860311031    
   6.91998434       7.99340382E-02  0.860604286    
   6.95998430       7.98500627E-02  0.862101614    
   6.99998426       8.01303834E-02  0.863433242    
   7.03998423       8.01466182E-02  0.862686038    
   7.07998419       8.05333406E-02  0.863726676    
   7.11998415       8.06298479E-02  0.864933074    
   7.15998411       8.09344798E-02  0.865042031    
   7.19998407       8.12159106E-02  0.865665615    
   7.23998404       8.12095031E-02  0.867327094    
   7.27998400       8.15820470E-02  0.867392063    
   7.31998396       8.18997920E-02  0.867523432    
   7.35998392       8.18411633E-02  0.867195725    
   7.39998388       8.22329596E-02  0.869179845    
   7.43998384       8.19817409E-02  0.869616389    
   7.47998381       8.28802362E-02  0.869796038    
   7.51998377       8.26873258E-02  0.871166945    
   7.55998373       8.31452534E-02  0.871994674    
   7.59998369       8.37470740E-02  0.872437716    
   7.63998365       8.39303508E-02  0.872144043    
   7.67998362       8.39355513E-02  0.873320341    
   7.71998358       8.38738158E-02  0.874380887    
   7.75998354       8.24297071E-02  0.871895909    
   7.79998350       6.76039532E-02  0.849016905    
   7.83998346       5.29927872E-02  0.816142321    
   7.87998343       4.14928459E-02  0.781099796    
   7.91998339       3.40528972E-02  0.752760291    
   7.95998335       2.82674432E-02  0.721438885    
   7.99998331       2.32873019E-02  0.693889737    
   8.03998375       1.95884965E-02  0.667672217    
   8.07998371       1.63782556E-02  0.640785098    
   8.11998367       1.36917708E-02  0.617243469    
   8.15998363       1.15941325E-02  0.597155333    
   8.19998360       1.03286924E-02  0.584508955    
   8.23998356       8.99295975E-03  0.575394392    
   8.27998352       7.76608521E-03  0.568378091    
   8.31998348       6.74739014E-03  0.563609779    
   8.35998344       5.92063880E-03  0.559749842    
   8.39998341       5.09381853E-03  0.559311390    
   8.43998337       4.34555858E-03  0.559436381    
   8.47998333       3.50741739E-03  0.566931725    
   8.51998329       2.86337687E-03  0.574907482    
   8.55998325       2.22177920E-03  0.589885533    
   8.59998322       1.56277406E-03  0.621874034    
   8.63998318       9.52064700E-04  0.697132826    
   8.67998314       4.41986922E-04  0.921450555    
   8.71998310       3.59969330E-04  0.999133170    
   8.75998306       3.50960967E-04  0.999180913    
   8.79998302       3.46989895E-04  0.999195039    
   8.83998299       3.32375843E-04  0.999226689    
   8.87998295       3.31541989E-04  0.999261737    
   8.91998291       3.27068497E-04  0.999310672    
   8.95998287       3.16024758E-04  0.999317288    
   8.99998283       3.10962467E-04  0.999364376    
   9.03998280       3.08124232E-04  0.999395549    
   9.07998276       2.94800120E-04  0.999416471    
   9.11998272       2.92847311E-04  0.999432564    
   9.15998268       2.83467059E-04  0.999462247    
   9.19998264       2.83964764E-04  0.999479830    
   9.23998260       2.79118394E-04  0.999489844    
   9.27998257       2.73037556E-04  0.999522805    
   9.31998253       2.63126014E-04  0.999541700    
   9.35998249       2.57293897E-04  0.999550939    
   9.39998245       2.49738223E-04  0.999565184    
   9.43998241       2.50195502E-04  0.999585032    
   9.47998238       2.44942290E-04  0.999602020    
   9.51998234       2.37344851E-04  0.999618411    
   9.55998230       2.29869474E-04  0.999626696    
   9.59998226       2.30838225E-04  0.999648988    
   9.63998222       2.25998927E-04  0.999656856    
   9.67998219       2.21826558E-04  0.999664247    
   9.71998215       2.17226159E-04  0.999678493    
   9.75998211       2.14797285E-04  0.999685943    
   9.79998207       2.10173457E-04  0.999700248    
   9.83998203       2.09279809E-04  0.999707103    
   9.87998199       2.02548428E-04  0.999708295    
   9.91998196       1.99396629E-04  0.999732077    
   9.95998192       1.96010646E-04  0.999737084    
   9.99998188       1.90333536E-04  0.999744773    
   10.0399818       1.88324004E-04  0.999753714    
   10.0799818       1.84495468E-04  0.999759793    
   10.1199818       1.81371186E-04  0.999770701    
   10.1599817       1.78953400E-04  0.999778688    
   10.1999817       1.73636610E-04  0.999788284    
   10.2399817       1.74933681E-04  0.999794006    
   10.2799816       1.69501902E-04  0.999794006    
   10.3199816       1.67743434E-04  0.999806285    
   10.3599815       1.68145212E-04  0.999806523    
   10.3999815       1.60651325E-04  0.999814868    
   10.4399815       1.59351286E-04  0.999817312    
   10.4799814       1.57357164E-04  0.999827325    
   10.5199814       1.53635890E-04  0.999825954    
   10.5599813       1.51049157E-04  0.999833763    
   10.5999813       1.49879867E-04  0.999836922    
   10.6399813       1.44843929E-04  0.999849081    
   10.6799812       1.45938218E-04  0.999846399    
   10.7199812       1.41868062E-04  0.999854088    
   10.7599812       1.40540520E-04  0.999859214    
   10.7999811       1.37858224E-04  0.999859393    
   10.8399811       1.34775328E-04  0.999861419    
   10.8799810       1.31075896E-04  0.999871016    
   10.9199810       1.30683780E-04  0.999870241    
   10.9599810       1.27799707E-04  0.999876320    
   10.9999809       1.26058163E-04  0.999881148    
   11.0399809       1.24373561E-04  0.999885499    
   11.0799809       1.23087055E-04  0.999885917    
   11.1199808       1.21388228E-04  0.999887466    
   11.1599808       1.22812489E-04  0.999892354    
   11.1999807       1.16017851E-04  0.999899685    
   11.2399807       1.15628965E-04  0.999903321    
   11.2799807       1.10343331E-04  0.999899983    
   11.3199806       1.11095163E-04  0.999901772    
   11.3599806       1.10086934E-04  0.999909580    
   11.3999805       1.07604057E-04  0.999908268    
   11.4399805       1.09198372E-04  0.999909997    
   11.4799805       1.04283426E-04  0.999916732    
   11.5199804       1.04640916E-04  0.999917090    
   11.5599804       1.03308797E-04  0.999916375    
   11.5999804       1.01072874E-04  0.999919415    
   11.6399803       1.00460820E-04  0.999923825    
   11.6799803       1.00613208E-04   1.00054336    
   11.7199802       9.72955750E-05   1.00269592    
   11.7599802       9.66224907E-05   1.00514960    
   11.7999802       9.66993321E-05   1.00728226    
   11.8399801       9.65263825E-05   1.01065564    
   11.8799801       9.32169423E-05   1.01377261    
   11.9199800       9.22258696E-05   1.01687157    
   11.9599800       9.32759795E-05   1.01964068    
