  -20.0000      0.107421E-03   0.00000      0.317458E-04   0.00000    
  -19.9000      0.104817E-03   0.00000      0.320334E-04   0.00000    
  -19.8000      0.105610E-03   0.00000      0.323250E-04   0.00000    
  -19.7000      0.104770E-03   0.00000      0.326206E-04   0.00000    
  -19.6000      0.107943E-03   0.00000      0.329202E-04   0.00000    
  -19.5000      0.110366E-03   0.00000      0.332240E-04   0.00000    
  -19.4000      0.106990E-03   0.00000      0.335321E-04   0.00000    
  -19.3000      0.103196E-03   0.00000      0.338445E-04   0.00000    
  -19.2000      0.102676E-03   0.00000      0.341613E-04   0.00000    
  -19.1000      0.102889E-03   0.00000      0.344826E-04   0.00000    
  -19.0000      0.103943E-03   0.00000      0.348084E-04   0.00000    
  -18.9000      0.106268E-03   0.00000      0.351389E-04   0.00000    
  -18.8000      0.105835E-03   0.00000      0.354742E-04   0.00000    
  -18.7000      0.104680E-03   0.00000      0.358143E-04   0.00000    
  -18.6000      0.104814E-03   0.00000      0.361594E-04   0.00000    
  -18.5000      0.107943E-03   0.00000      0.365095E-04   0.00000    
  -18.4000      0.113812E-03   0.00000      0.368647E-04   0.00000    
  -18.3000      0.118191E-03   0.00000      0.372252E-04   0.00000    
  -18.2000      0.114238E-03   0.00000      0.375910E-04   0.00000    
  -18.1000      0.114349E-03   0.00000      0.379622E-04   0.00000    
  -18.0000      0.115786E-03   0.00000      0.383390E-04   0.00000    
  -17.9000      0.120318E-03   0.00000      0.387215E-04   0.00000    
  -17.8000      0.125869E-03   0.00000      0.391097E-04   0.00000    
  -17.7000      0.125752E-03   0.00000      0.395039E-04   0.00000    
  -17.6000      0.124714E-03   0.00000      0.399040E-04   0.00000    
  -17.5000      0.124082E-03   0.00000      0.403103E-04   0.00000    
  -17.4000      0.125737E-03   0.00000      0.407229E-04   0.00000    
  -17.3000      0.126873E-03   0.00000      0.411419E-04   0.00000    
  -17.2000      0.129055E-03   0.00000      0.415674E-04   0.00000    
  -17.1000      0.130417E-03   0.00000      0.419996E-04   0.00000    
  -17.0000      0.126062E-03   0.00000      0.424386E-04   0.00000    
  -16.9000      0.124957E-03   0.00000      0.428845E-04   0.00000    
  -16.8000      0.126445E-03   0.00000      0.433376E-04   0.00000    
  -16.7000      0.130383E-03   0.00000      0.437979E-04   0.00000    
  -16.6000      0.136830E-03   0.00000      0.442656E-04   0.00000    
  -16.5000      0.135279E-03   0.00000      0.447409E-04   0.00000    
  -16.4000      0.134043E-03   0.00000      0.452240E-04   0.00000    
  -16.3000      0.136394E-03   0.00000      0.457149E-04   0.00000    
  -16.2000      0.138395E-03   0.00000      0.462140E-04   0.00000    
  -16.1000      0.141900E-03   0.00000      0.467213E-04   0.00000    
  -16.0000      0.145453E-03   0.00000      0.472370E-04   0.00000    
  -15.9000      0.141706E-03   0.00000      0.477614E-04   0.00000    
  -15.8000      0.144100E-03   0.00000      0.482946E-04   0.00000    
  -15.7000      0.144445E-03   0.00000      0.488369E-04   0.00000    
  -15.6000      0.147479E-03   0.00000      0.493884E-04   0.00000    
  -15.5000      0.155847E-03   0.00000      0.499494E-04   0.00000    
  -15.4000      0.154351E-03   0.00000      0.505200E-04   0.00000    
  -15.3000      0.157007E-03   0.00000      0.511005E-04   0.00000    
  -15.2000      0.154254E-03   0.00000      0.516912E-04   0.00000    
  -15.1000      0.156845E-03   0.00000      0.522922E-04   0.00000    
  -15.0000      0.160186E-03   0.00000      0.529038E-04   0.00000    
  -14.9000      0.165950E-03   0.00000      0.535263E-04   0.00000    
  -14.8000      0.167457E-03   0.00000      0.541600E-04   0.00000    
  -14.7000      0.170639E-03   0.00000      0.548050E-04   0.00000    
  -14.6000      0.168457E-03   0.00000      0.554617E-04   0.00000    
  -14.5000      0.172103E-03   0.00000      0.561303E-04   0.00000    
  -14.4000      0.176620E-03   0.00000      0.568112E-04   0.00000    
  -14.3000      0.178587E-03   0.00000      0.575047E-04   0.00000    
  -14.2000      0.180435E-03   0.00000      0.582110E-04   0.00000    
  -14.1000      0.178043E-03   0.00000      0.589305E-04   0.00000    
  -14.0000      0.177165E-03   0.00000      0.596635E-04   0.00000    
  -13.9000      0.180814E-03   0.00000      0.604104E-04   0.00000    
  -13.8000      0.182858E-03   0.00000      0.611715E-04   0.00000    
  -13.7000      0.189413E-03   0.00000      0.619472E-04   0.00000    
  -13.6000      0.194786E-03   0.00000      0.627378E-04   0.00000    
  -13.5000      0.194174E-03   0.00000      0.635438E-04   0.00000    
  -13.4000      0.200576E-03   0.00000      0.643655E-04   0.00000    
  -13.3000      0.201547E-03   0.00000      0.652035E-04   0.00000    
  -13.2000      0.209289E-03   0.00000      0.660580E-04   0.00000    
  -13.1000      0.215349E-03   0.00000      0.669295E-04   0.00000    
  -13.0000      0.216275E-03   0.00000      0.678186E-04   0.00000    
  -12.9000      0.219613E-03   0.00000      0.687256E-04   0.00000    
  -12.8000      0.221104E-03   0.00000      0.696512E-04   0.00000    
  -12.7000      0.226650E-03   0.00000      0.705956E-04   0.00000    
  -12.6000      0.235099E-03   0.00000      0.715596E-04   0.00000    
  -12.5000      0.235902E-03   0.00000      0.725437E-04   0.00000    
  -12.4000      0.239041E-03   0.00000      0.735484E-04   0.00000    
  -12.3000      0.243568E-03   0.00000      0.745742E-04   0.00000    
  -12.2000      0.251175E-03   0.00000      0.756219E-04   0.00000    
  -12.1000      0.256998E-03   0.00000      0.766920E-04   0.00000    
  -12.0000      0.263228E-03   0.00000      0.777852E-04   0.00000    
  -11.9000      0.268141E-03   0.00000      0.789021E-04   0.00000    
  -11.8000      0.273603E-03   0.00000      0.800435E-04   0.00000    
  -11.7000      0.278353E-03   0.00000      0.812101E-04   0.00000    
  -11.6000      0.288311E-03   0.00000      0.824026E-04   0.00000    
  -11.5000      0.299809E-03   0.00000      0.836218E-04   0.00000    
  -11.4000      0.309829E-03   0.00000      0.848686E-04   0.00000    
  -11.3000      0.318513E-03   0.00000      0.861437E-04   0.00000    
  -11.2000      0.323016E-03   0.00000      0.874480E-04   0.00000    
  -11.1000      0.333078E-03   0.00000      0.887826E-04   0.00000    
  -11.0000      0.349543E-03   0.00000      0.901482E-04   0.00000    
  -10.9000      0.363779E-03   0.00000      0.915459E-04   0.00000    
  -10.8000      0.370048E-03   0.00000      0.929767E-04   0.00000    
  -10.7000      0.377428E-03   0.00000      0.944416E-04   0.00000    
  -10.6000      0.392496E-03   0.00000      0.959419E-04   0.00000    
  -10.5000      0.409024E-03   0.00000      0.974786E-04   0.00000    
  -10.4000      0.425520E-03   0.00000      0.990528E-04   0.00000    
  -10.3000      0.439202E-03   0.00000      0.100666E-03   0.00000    
  -10.2000      0.452490E-03   0.00000      0.102319E-03   0.00000    
  -10.1000      0.469823E-03   0.00000      0.104014E-03   0.00000    
  -10.0000      0.490083E-03   0.00000      0.105752E-03   0.00000    
  -9.90000      0.506367E-03   0.00000      0.107534E-03   0.00000    
  -9.80000      0.531887E-03   0.00000      0.109363E-03   0.00000    
  -9.70000      0.559578E-03   0.00000      0.111239E-03   0.00000    
  -9.60000      0.580534E-03   0.00000      0.113164E-03   0.00000    
  -9.50000      0.609562E-03   0.00000      0.115140E-03   0.00000    
  -9.40000      0.628839E-03   0.00000      0.117169E-03   0.00000    
  -9.30000      0.661709E-03   0.00000      0.119253E-03   0.00000    
  -9.20000      0.692870E-03   0.00000      0.121394E-03   0.00000    
  -9.10000      0.728576E-03   0.00000      0.123594E-03   0.00000    
  -9.00000      0.766144E-03   0.00000      0.125854E-03   0.00000    
  -8.90000      0.800021E-03   0.00000      0.128179E-03   0.00000    
  -8.80000      0.844546E-03   0.00000      0.130569E-03   0.00000    
  -8.70000      0.906241E-03   0.00000      0.133027E-03   0.00000    
  -8.60000      0.955485E-03   0.00000      0.135557E-03   0.00000    
  -8.50000      0.981364E-03   0.00000      0.138161E-03   0.00000    
  -8.40000      0.103670E-02   0.00000      0.140841E-03   0.00000    
  -8.30000      0.111714E-02   0.00000      0.143602E-03   0.00000    
  -8.20000      0.122260E-02   0.00000      0.146446E-03   0.00000    
  -8.10000      0.131107E-02   0.00000      0.149376E-03   0.00000    
  -8.00000      0.136969E-02   0.00000      0.152396E-03   0.00000    
  -7.90000      0.148311E-02   0.00000      0.155511E-03   0.00000    
  -7.80000      0.168821E-02   0.00000      0.158724E-03   0.00000    
  -7.70000      0.192596E-02   0.00000      0.162039E-03   0.00000    
  -7.60000      0.209076E-02   0.00000      0.165460E-03   0.00000    
  -7.50000      0.236161E-02   0.00000      0.168993E-03   0.00000    
  -7.40000      0.301543E-02   0.00000      0.172643E-03   0.00000    
  -7.30000      0.334727E-02   0.00000      0.176414E-03   0.00000    
  -7.20000      0.358251E-02   0.00000      0.180312E-03   0.00000    
  -7.10000      0.421084E-02   0.00000      0.184343E-03   0.00000    
  -7.00000      0.481876E-02   0.00000      0.188514E-03   0.00000    
  -6.90000      0.670199E-02   0.00000      0.192830E-03   0.00000    
  -6.80000      0.885426E-02   0.00000      0.197299E-03   0.00000    
  -6.70000      0.907510E-02   0.00000      0.201929E-03   0.00000    
  -6.60000      0.110941E-01   0.00000      0.206727E-03   0.00000    
  -6.50000      0.136340E-01   0.00000      0.211701E-03   0.00000    
  -6.40000      0.155025E-01   0.00000      0.216861E-03   0.00000    
  -6.30000      0.195022E-01   0.00000      0.222217E-03   0.00000    
  -6.20000      0.220363E-01   0.00000      0.227777E-03   0.00000    
  -6.10000      0.213067E-01   0.00000      0.233553E-03   0.00000    
  -6.00000      0.222970E-01   0.00000      0.239557E-03   0.00000    
  -5.90000      0.271756E-01   0.00000      0.245801E-03   0.00000    
  -5.80000      0.314307E-01   0.00000      0.252299E-03   0.00000    
  -5.70000      0.345966E-01   0.00000      0.259063E-03   0.00000    
  -5.60000      0.343645E-01   0.00000      0.266110E-03   0.00000    
  -5.50000      0.323297E-01   0.00000      0.273456E-03   0.00000    
  -5.40000      0.324383E-01   0.00000      0.281119E-03   0.00000    
  -5.30000      0.333719E-01   0.00000      0.289117E-03   0.00000    
  -5.20000      0.353754E-01   0.00000      0.297470E-03   0.00000    
  -5.10000      0.388964E-01   0.00000      0.306201E-03   0.00000    
  -5.00000      0.444174E-01   0.00000      0.315333E-03   0.00000    
  -4.90000      0.446248E-01   0.00000      0.324892E-03   0.00000    
  -4.80000      0.469557E-01   0.00000      0.334906E-03   0.00000    
  -4.70000      0.452513E-01   0.00000      0.345404E-03   0.00000    
  -4.60000      0.467554E-01   0.00000      0.356419E-03   0.00000    
  -4.50000      0.467918E-01   0.00000      0.367987E-03   0.00000    
  -4.40000      0.453023E-01   0.00000      0.380146E-03   0.00000    
  -4.30000      0.428819E-01   0.00000      0.392939E-03   0.00000    
  -4.20000      0.401427E-01   0.00000      0.406411E-03   0.00000    
  -4.10000      0.440185E-01   0.00000      0.420614E-03   0.00000    
  -4.00000      0.547581E-01   0.00000      0.435602E-03   0.00000    
  -3.90000      0.604215E-01   0.00000      0.451437E-03   0.00000    
  -3.80000      0.580540E-01   0.00000      0.468186E-03   0.00000    
  -3.70000      0.647639E-01   0.00000      0.485923E-03   0.00000    
  -3.60000      0.678771E-01   0.00000      0.504730E-03   0.00000    
  -3.50000      0.674253E-01   0.00000      0.524698E-03   0.00000    
  -3.40000      0.675181E-01   0.00000      0.545928E-03   0.00000    
  -3.30000      0.659264E-01   0.00000      0.568534E-03   0.00000    
  -3.20000      0.727821E-01   0.00000      0.592642E-03   0.00000    
  -3.10000      0.766055E-01   0.00000      0.618393E-03   0.00000    
  -3.00000      0.811234E-01   0.00000      0.645947E-03   0.00000    
  -2.90000      0.836044E-01   0.00000      0.675485E-03   0.00000    
  -2.80000      0.931977E-01   0.00000      0.707209E-03   0.00000    
  -2.70000      0.988124E-01   0.00000      0.741354E-03   0.00000    
  -2.60000      0.978211E-01   0.00000      0.778183E-03   0.00000    
  -2.50000      0.110131       0.00000      0.818003E-03   0.00000    
  -2.40000      0.115775       0.00000      0.861163E-03   0.00000    
  -2.30000      0.117389       0.00000      0.908071E-03   0.00000    
  -2.20000      0.108436       0.00000      0.959201E-03   0.00000    
  -2.10000      0.111010       0.00000      0.101511E-02   0.00000    
  -2.00000      0.116599       0.00000      0.107645E-02   0.00000    
  -1.90000      0.126078       0.00000      0.114401E-02   0.00000    
  -1.80000      0.128043       0.00000      0.121872E-02   0.00000    
  -1.70000      0.137510       0.00000      0.130172E-02   0.00000    
  -1.60000      0.155509       0.00000      0.139439E-02   0.00000    
  -1.50000      0.150427       0.00000      0.149844E-02   0.00000    
  -1.40000      0.140941       0.00000      0.161601E-02   0.00000    
  -1.30000      0.134008       0.00000      0.174983E-02   0.00000    
  -1.20000      0.129791       0.00000      0.190343E-02   0.00000    
  -1.10000      0.138670       0.00000      0.208145E-02   0.00000    
  -1.00000      0.138235       0.00000      0.229019E-02   0.00000    
 -0.900000      0.133407       0.00000      0.253839E-02   0.00000    
 -0.800000      0.138823       0.00000      0.283869E-02   0.00000    
 -0.700000      0.126152       0.00000      0.321013E-02   0.00000    
 -0.600000      0.958621E-01   0.00000      0.368308E-02   0.00000    
 -0.500000      0.769855E-01   0.00000      0.430962E-02   0.00000    
 -0.400000      0.485289E-01   0.00000      0.518793E-02   0.00000    
 -0.300000      0.436435E-01   0.00000      0.652815E-02   0.00000    
 -0.200000      0.463763E-01   0.00000      0.886440E-02   0.00000    
 -0.100000      0.240495E-01   0.00000      0.138869E-01   0.00000    
  0.111022E-14  0.137261E-01   0.00000      0.274319E-01   0.00000    
  0.100000      0.942922E-02   0.00000      0.425933E-01   0.00000    
  0.200000      0.716029E-02   0.00000      0.283373E-01   0.00000    
  0.300000      0.575443E-02   0.00000      0.249136E-01   0.00000    
  0.400000      0.479245E-02   0.00000      0.355310E-01   0.00000    
  0.500000      0.409009E-02   0.00000      0.603841E-01   0.00000    
  0.600000      0.355368E-02   0.00000      0.825964E-01   0.00000    
  0.700000      0.313031E-02   0.00000      0.117139       0.00000    
  0.800000      0.278768E-02   0.00000      0.127763       0.00000    
  0.900000      0.250484E-02   0.00000      0.113764       0.00000    
   1.00000      0.226760E-02   0.00000      0.151363       0.00000    
   1.10000      0.206593E-02   0.00000      0.162055       0.00000    
   1.20000      0.189257E-02   0.00000      0.144700       0.00000    
   1.30000      0.174211E-02   0.00000      0.146974       0.00000    
   1.40000      0.161043E-02   0.00000      0.146256       0.00000    
   1.50000      0.149435E-02   0.00000      0.147966       0.00000    
   1.60000      0.139134E-02   0.00000      0.150841       0.00000    
   1.70000      0.129941E-02   0.00000      0.146146       0.00000    
   1.80000      0.121694E-02   0.00000      0.147094       0.00000    
   1.90000      0.114260E-02   0.00000      0.135539       0.00000    
   2.00000      0.107531E-02   0.00000      0.118939       0.00000    
   2.10000      0.101417E-02   0.00000      0.121523       0.00000    
   2.20000      0.958404E-03   0.00000      0.130101       0.00000    
   2.30000      0.907379E-03   0.00000      0.130844       0.00000    
   2.40000      0.860549E-03   0.00000      0.115737       0.00000    
   2.50000      0.817446E-03   0.00000      0.102125       0.00000    
   2.60000      0.777670E-03   0.00000      0.940446E-01   0.00000    
   2.70000      0.740872E-03   0.00000      0.951406E-01   0.00000    
   2.80000      0.706751E-03   0.00000      0.935420E-01   0.00000    
   2.90000      0.675045E-03   0.00000      0.859702E-01   0.00000    
   3.00000      0.645522E-03   0.00000      0.763761E-01   0.00000    
   3.10000      0.617979E-03   0.00000      0.680875E-01   0.00000    
   3.20000      0.592237E-03   0.00000      0.655907E-01   0.00000    
   3.30000      0.568138E-03   0.00000      0.604676E-01   0.00000    
   3.40000      0.545538E-03   0.00000      0.621035E-01   0.00000    
   3.50000      0.524314E-03   0.00000      0.544363E-01   0.00000    
   3.60000      0.504352E-03   0.00000      0.506880E-01   0.00000    
   3.70000      0.485551E-03   0.00000      0.541536E-01   0.00000    
   3.80000      0.467819E-03   0.00000      0.659744E-01   0.00000    
   3.90000      0.451076E-03   0.00000      0.657423E-01   0.00000    
   4.00000      0.435246E-03   0.00000      0.596002E-01   0.00000    
   4.10000      0.420263E-03   0.00000      0.583750E-01   0.00000    
   4.20000      0.406066E-03   0.00000      0.510573E-01   0.00000    
   4.30000      0.392599E-03   0.00000      0.536804E-01   0.00000    
   4.40000      0.379811E-03   0.00000      0.510249E-01   0.00000    
   4.50000      0.367658E-03   0.00000      0.473034E-01   0.00000    
   4.60000      0.356096E-03   0.00000      0.442712E-01   0.00000    
   4.70000      0.345086E-03   0.00000      0.360060E-01   0.00000    
   4.80000      0.334594E-03   0.00000      0.297144E-01   0.00000    
   4.90000      0.324586E-03   0.00000      0.311286E-01   0.00000    
   5.00000      0.315033E-03   0.00000      0.375022E-01   0.00000    
   5.10000      0.305906E-03   0.00000      0.357250E-01   0.00000    
   5.20000      0.297181E-03   0.00000      0.355685E-01   0.00000    
   5.30000      0.288833E-03   0.00000      0.357915E-01   0.00000    
   5.40000      0.280841E-03   0.00000      0.328157E-01   0.00000    
   5.50000      0.273184E-03   0.00000      0.321134E-01   0.00000    
   5.60000      0.265843E-03   0.00000      0.324207E-01   0.00000    
   5.70000      0.258801E-03   0.00000      0.304967E-01   0.00000    
   5.80000      0.252042E-03   0.00000      0.274680E-01   0.00000    
   5.90000      0.245550E-03   0.00000      0.263418E-01   0.00000    
   6.00000      0.239311E-03   0.00000      0.253527E-01   0.00000    
   6.10000      0.233312E-03   0.00000      0.241770E-01   0.00000    
   6.20000      0.227541E-03   0.00000      0.235974E-01   0.00000    
   6.30000      0.221985E-03   0.00000      0.200780E-01   0.00000    
   6.40000      0.216635E-03   0.00000      0.167529E-01   0.00000    
   6.50000      0.211480E-03   0.00000      0.136485E-01   0.00000    
   6.60000      0.206510E-03   0.00000      0.126635E-01   0.00000    
   6.70000      0.201716E-03   0.00000      0.119680E-01   0.00000    
   6.80000      0.197091E-03   0.00000      0.864852E-02   0.00000    
   6.90000      0.192626E-03   0.00000      0.679930E-02   0.00000    
   7.00000      0.188314E-03   0.00000      0.630838E-02   0.00000    
   7.10000      0.184148E-03   0.00000      0.471244E-02   0.00000    
   7.20000      0.180121E-03   0.00000      0.365521E-02   0.00000    
   7.30000      0.176226E-03   0.00000      0.317521E-02   0.00000    
   7.40000      0.172459E-03   0.00000      0.297398E-02   0.00000    
   7.50000      0.168814E-03   0.00000      0.237255E-02   0.00000    
   7.60000      0.165284E-03   0.00000      0.201192E-02   0.00000    
   7.70000      0.161866E-03   0.00000      0.178740E-02   0.00000    
   7.80000      0.158555E-03   0.00000      0.164959E-02   0.00000    
   7.90000      0.155346E-03   0.00000      0.152258E-02   0.00000    
   8.00000      0.152235E-03   0.00000      0.142959E-02   0.00000    
   8.10000      0.149218E-03   0.00000      0.130791E-02   0.00000    
   8.20000      0.146290E-03   0.00000      0.120223E-02   0.00000    
   8.30000      0.143450E-03   0.00000      0.113876E-02   0.00000    
   8.40000      0.140693E-03   0.00000      0.106872E-02   0.00000    
   8.50000      0.138015E-03   0.00000      0.100645E-02   0.00000    
   8.60000      0.135414E-03   0.00000      0.948964E-03   0.00000    
   8.70000      0.132888E-03   0.00000      0.905987E-03   0.00000    
   8.80000      0.130432E-03   0.00000      0.874194E-03   0.00000    
   8.90000      0.128044E-03   0.00000      0.806600E-03   0.00000    
   9.00000      0.125723E-03   0.00000      0.754589E-03   0.00000    
   9.10000      0.123464E-03   0.00000      0.725956E-03   0.00000    
   9.20000      0.121267E-03   0.00000      0.702395E-03   0.00000    
   9.30000      0.119129E-03   0.00000      0.672517E-03   0.00000    
   9.40000      0.117048E-03   0.00000      0.628756E-03   0.00000    
   9.50000      0.115021E-03   0.00000      0.603981E-03   0.00000    
   9.60000      0.113047E-03   0.00000      0.579521E-03   0.00000    
   9.70000      0.111124E-03   0.00000      0.556334E-03   0.00000    
   9.80000      0.109250E-03   0.00000      0.541330E-03   0.00000    
   9.90000      0.107424E-03   0.00000      0.517786E-03   0.00000    
   10.0000      0.105644E-03   0.00000      0.494935E-03   0.00000    
   10.1000      0.103908E-03   0.00000      0.469443E-03   0.00000    
   10.2000      0.102215E-03   0.00000      0.455960E-03   0.00000    
   10.3000      0.100564E-03   0.00000      0.450458E-03   0.00000    
   10.4000      0.989527E-04   0.00000      0.430274E-03   0.00000    
   10.5000      0.973803E-04   0.00000      0.404847E-03   0.00000    
   10.6000      0.958454E-04   0.00000      0.389517E-03   0.00000    
   10.7000      0.943470E-04   0.00000      0.385473E-03   0.00000    
   10.8000      0.928838E-04   0.00000      0.385351E-03   0.00000    
   10.9000      0.914547E-04   0.00000      0.360733E-03   0.00000    
   11.0000      0.900586E-04   0.00000      0.337400E-03   0.00000    
   11.1000      0.886946E-04   0.00000      0.327540E-03   0.00000    
   11.2000      0.873617E-04   0.00000      0.324895E-03   0.00000    
   11.3000      0.860589E-04   0.00000      0.320931E-03   0.00000    
   11.4000      0.847853E-04   0.00000      0.307190E-03   0.00000    
   11.5000      0.835400E-04   0.00000      0.296575E-03   0.00000    
   11.6000      0.823223E-04   0.00000      0.293462E-03   0.00000    
   11.7000      0.811312E-04   0.00000      0.285727E-03   0.00000    
   11.8000      0.799660E-04   0.00000      0.280464E-03   0.00000    
   11.9000      0.788260E-04   0.00000      0.273279E-03   0.00000    
   12.0000      0.777103E-04   0.00000      0.265994E-03   0.00000    
   12.1000      0.766185E-04   0.00000      0.258804E-03   0.00000    
   12.2000      0.755496E-04   0.00000      0.248657E-03   0.00000    
   12.3000      0.745032E-04   0.00000      0.245019E-03   0.00000    
   12.4000      0.734786E-04   0.00000      0.249573E-03   0.00000    
   12.5000      0.724751E-04   0.00000      0.245975E-03   0.00000    
   12.6000      0.714922E-04   0.00000      0.233820E-03   0.00000    
   12.7000      0.705293E-04   0.00000      0.221907E-03   0.00000    
   12.8000      0.695860E-04   0.00000      0.219966E-03   0.00000    
   12.9000      0.686615E-04   0.00000      0.224044E-03   0.00000    
   13.0000      0.677556E-04   0.00000      0.221388E-03   0.00000    
   13.1000      0.668675E-04   0.00000      0.206947E-03   0.00000    
   13.2000      0.659970E-04   0.00000      0.198588E-03   0.00000    
   13.3000      0.651435E-04   0.00000      0.198432E-03   0.00000    
   13.4000      0.643065E-04   0.00000      0.202178E-03   0.00000    
   13.5000      0.634858E-04   0.00000      0.201947E-03   0.00000    
   13.6000      0.626807E-04   0.00000      0.193715E-03   0.00000    
   13.7000      0.618910E-04   0.00000      0.186636E-03   0.00000    
   13.8000      0.611162E-04   0.00000      0.188966E-03   0.00000    
   13.9000      0.603560E-04   0.00000      0.188660E-03   0.00000    
   14.0000      0.596099E-04   0.00000      0.184934E-03   0.00000    
   14.1000      0.588778E-04   0.00000      0.182298E-03   0.00000    
   14.2000      0.581591E-04   0.00000      0.180124E-03   0.00000    
   14.3000      0.574536E-04   0.00000      0.180024E-03   0.00000    
   14.4000      0.567609E-04   0.00000      0.173812E-03   0.00000    
   14.5000      0.560808E-04   0.00000      0.167780E-03   0.00000    
   14.6000      0.554129E-04   0.00000      0.167258E-03   0.00000    
   14.7000      0.547570E-04   0.00000      0.168979E-03   0.00000    
   14.8000      0.541127E-04   0.00000      0.165686E-03   0.00000    
   14.9000      0.534798E-04   0.00000      0.155198E-03   0.00000    
   15.0000      0.528580E-04   0.00000      0.151499E-03   0.00000    
   15.1000      0.522471E-04   0.00000      0.153515E-03   0.00000    
   15.2000      0.516467E-04   0.00000      0.158866E-03   0.00000    
   15.3000      0.510567E-04   0.00000      0.161095E-03   0.00000    
   15.4000      0.504769E-04   0.00000      0.148019E-03   0.00000    
   15.5000      0.499069E-04   0.00000      0.143006E-03   0.00000    
   15.6000      0.493465E-04   0.00000      0.146144E-03   0.00000    
   15.7000      0.487956E-04   0.00000      0.151192E-03   0.00000    
   15.8000      0.482540E-04   0.00000      0.153728E-03   0.00000    
   15.9000      0.477213E-04   0.00000      0.143864E-03   0.00000    
   16.0000      0.471975E-04   0.00000      0.141333E-03   0.00000    
   16.1000      0.466823E-04   0.00000      0.140971E-03   0.00000    
   16.2000      0.461756E-04   0.00000      0.140747E-03   0.00000    
   16.3000      0.456771E-04   0.00000      0.136982E-03   0.00000    
   16.4000      0.451867E-04   0.00000      0.137031E-03   0.00000    
   16.5000      0.447042E-04   0.00000      0.138915E-03   0.00000    
   16.6000      0.442294E-04   0.00000      0.138710E-03   0.00000    
   16.7000      0.437622E-04   0.00000      0.132871E-03   0.00000    
   16.8000      0.433024E-04   0.00000      0.125693E-03   0.00000    
   16.9000      0.428498E-04   0.00000      0.127194E-03   0.00000    
   17.0000      0.424043E-04   0.00000      0.128156E-03   0.00000    
   17.1000      0.419658E-04   0.00000      0.126527E-03   0.00000    
   17.2000      0.415341E-04   0.00000      0.118431E-03   0.00000    
   17.3000      0.411090E-04   0.00000      0.114535E-03   0.00000    
   17.4000      0.406905E-04   0.00000      0.115067E-03   0.00000    
   17.5000      0.402784E-04   0.00000      0.119026E-03   0.00000    
   17.6000      0.398725E-04   0.00000      0.122641E-03   0.00000    
   17.7000      0.394727E-04   0.00000      0.117952E-03   0.00000    
   17.8000      0.390790E-04   0.00000      0.113485E-03   0.00000    
   17.9000      0.386912E-04   0.00000      0.110778E-03   0.00000    
   18.0000      0.383091E-04   0.00000      0.113905E-03   0.00000    
   18.1000      0.379327E-04   0.00000      0.118464E-03   0.00000    
   18.2000      0.375619E-04   0.00000      0.117480E-03   0.00000    
   18.3000      0.371964E-04   0.00000      0.110724E-03   0.00000    
   18.4000      0.368364E-04   0.00000      0.107400E-03   0.00000    
   18.5000      0.364815E-04   0.00000      0.108899E-03   0.00000    
   18.6000      0.361318E-04   0.00000      0.109656E-03   0.00000    
   18.7000      0.357871E-04   0.00000      0.108803E-03   0.00000    
   18.8000      0.354473E-04   0.00000      0.109047E-03   0.00000    
   18.9000      0.351124E-04   0.00000      0.113028E-03   0.00000    
   19.0000      0.347822E-04   0.00000      0.115123E-03   0.00000    
   19.1000      0.344567E-04   0.00000      0.108557E-03   0.00000    
   19.2000      0.341357E-04   0.00000      0.107884E-03   0.00000    
   19.3000      0.338192E-04   0.00000      0.108810E-03   0.00000    
   19.4000      0.335072E-04   0.00000      0.111894E-03   0.00000    
   19.5000      0.331994E-04   0.00000      0.109712E-03   0.00000    
   19.6000      0.328959E-04   0.00000      0.995060E-04   0.00000    
   19.7000      0.325965E-04   0.00000      0.954708E-04   0.00000    
   19.8000      0.323013E-04   0.00000      0.984571E-04   0.00000    
   19.9000      0.320100E-04   0.00000      0.103286E-03   0.00000    
   20.0000      0.317227E-04   0.00000      0.107300E-03   0.00000    
