  -20.0000      0.789200E-04   0.00000      0.282622E-04   0.00000    
  -19.9000      0.817332E-04   0.00000      0.285065E-04   0.00000    
  -19.8000      0.822161E-04   0.00000      0.287541E-04   0.00000    
  -19.7000      0.835573E-04   0.00000      0.290049E-04   0.00000    
  -19.6000      0.851402E-04   0.00000      0.292590E-04   0.00000    
  -19.5000      0.853626E-04   0.00000      0.295165E-04   0.00000    
  -19.4000      0.866824E-04   0.00000      0.297775E-04   0.00000    
  -19.3000      0.884860E-04   0.00000      0.300420E-04   0.00000    
  -19.2000      0.893840E-04   0.00000      0.303101E-04   0.00000    
  -19.1000      0.924941E-04   0.00000      0.305818E-04   0.00000    
  -19.0000      0.967701E-04   0.00000      0.308573E-04   0.00000    
  -18.9000      0.999073E-04   0.00000      0.311365E-04   0.00000    
  -18.8000      0.100353E-03   0.00000      0.314196E-04   0.00000    
  -18.7000      0.102003E-03   0.00000      0.317066E-04   0.00000    
  -18.6000      0.106353E-03   0.00000      0.319977E-04   0.00000    
  -18.5000      0.109510E-03   0.00000      0.322928E-04   0.00000    
  -18.4000      0.111036E-03   0.00000      0.325920E-04   0.00000    
  -18.3000      0.109631E-03   0.00000      0.328955E-04   0.00000    
  -18.2000      0.111493E-03   0.00000      0.332033E-04   0.00000    
  -18.1000      0.120167E-03   0.00000      0.335155E-04   0.00000    
  -18.0000      0.124937E-03   0.00000      0.338322E-04   0.00000    
  -17.9000      0.123066E-03   0.00000      0.341534E-04   0.00000    
  -17.8000      0.125341E-03   0.00000      0.344793E-04   0.00000    
  -17.7000      0.132536E-03   0.00000      0.348100E-04   0.00000    
  -17.6000      0.141079E-03   0.00000      0.351455E-04   0.00000    
  -17.5000      0.144581E-03   0.00000      0.354859E-04   0.00000    
  -17.4000      0.138113E-03   0.00000      0.358314E-04   0.00000    
  -17.3000      0.139695E-03   0.00000      0.361820E-04   0.00000    
  -17.2000      0.146691E-03   0.00000      0.365379E-04   0.00000    
  -17.1000      0.154833E-03   0.00000      0.368991E-04   0.00000    
  -17.0000      0.156562E-03   0.00000      0.372658E-04   0.00000    
  -16.9000      0.164594E-03   0.00000      0.376381E-04   0.00000    
  -16.8000      0.175796E-03   0.00000      0.380160E-04   0.00000    
  -16.7000      0.185007E-03   0.00000      0.383998E-04   0.00000    
  -16.6000      0.189969E-03   0.00000      0.387894E-04   0.00000    
  -16.5000      0.187835E-03   0.00000      0.391852E-04   0.00000    
  -16.4000      0.187599E-03   0.00000      0.395871E-04   0.00000    
  -16.3000      0.183640E-03   0.00000      0.399953E-04   0.00000    
  -16.2000      0.197003E-03   0.00000      0.404100E-04   0.00000    
  -16.1000      0.211633E-03   0.00000      0.408312E-04   0.00000    
  -16.0000      0.220339E-03   0.00000      0.412592E-04   0.00000    
  -15.9000      0.228658E-03   0.00000      0.416940E-04   0.00000    
  -15.8000      0.238197E-03   0.00000      0.421359E-04   0.00000    
  -15.7000      0.250181E-03   0.00000      0.425849E-04   0.00000    
  -15.6000      0.247086E-03   0.00000      0.430413E-04   0.00000    
  -15.5000      0.233521E-03   0.00000      0.435052E-04   0.00000    
  -15.4000      0.231688E-03   0.00000      0.439767E-04   0.00000    
  -15.3000      0.249989E-03   0.00000      0.444561E-04   0.00000    
  -15.2000      0.276598E-03   0.00000      0.449435E-04   0.00000    
  -15.1000      0.293882E-03   0.00000      0.454391E-04   0.00000    
  -15.0000      0.305074E-03   0.00000      0.459431E-04   0.00000    
  -14.9000      0.314628E-03   0.00000      0.464556E-04   0.00000    
  -14.8000      0.315300E-03   0.00000      0.469769E-04   0.00000    
  -14.7000      0.321857E-03   0.00000      0.475073E-04   0.00000    
  -14.6000      0.307949E-03   0.00000      0.480468E-04   0.00000    
  -14.5000      0.307978E-03   0.00000      0.485957E-04   0.00000    
  -14.4000      0.322005E-03   0.00000      0.491542E-04   0.00000    
  -14.3000      0.356030E-03   0.00000      0.497226E-04   0.00000    
  -14.2000      0.411444E-03   0.00000      0.503011E-04   0.00000    
  -14.1000      0.425208E-03   0.00000      0.508900E-04   0.00000    
  -14.0000      0.392664E-03   0.00000      0.514894E-04   0.00000    
  -13.9000      0.399173E-03   0.00000      0.520997E-04   0.00000    
  -13.8000      0.429315E-03   0.00000      0.527212E-04   0.00000    
  -13.7000      0.421542E-03   0.00000      0.533540E-04   0.00000    
  -13.6000      0.423497E-03   0.00000      0.539985E-04   0.00000    
  -13.5000      0.449688E-03   0.00000      0.546550E-04   0.00000    
  -13.4000      0.514047E-03   0.00000      0.553238E-04   0.00000    
  -13.3000      0.598436E-03   0.00000      0.560052E-04   0.00000    
  -13.2000      0.605054E-03   0.00000      0.566995E-04   0.00000    
  -13.1000      0.564132E-03   0.00000      0.574071E-04   0.00000    
  -13.0000      0.575230E-03   0.00000      0.581283E-04   0.00000    
  -12.9000      0.623794E-03   0.00000      0.588635E-04   0.00000    
  -12.8000      0.655590E-03   0.00000      0.596130E-04   0.00000    
  -12.7000      0.668769E-03   0.00000      0.603772E-04   0.00000    
  -12.6000      0.743408E-03   0.00000      0.611565E-04   0.00000    
  -12.5000      0.904491E-03   0.00000      0.619513E-04   0.00000    
  -12.4000      0.108494E-02   0.00000      0.627621E-04   0.00000    
  -12.3000      0.106659E-02   0.00000      0.635893E-04   0.00000    
  -12.2000      0.100790E-02   0.00000      0.644333E-04   0.00000    
  -12.1000      0.104396E-02   0.00000      0.652946E-04   0.00000    
  -12.0000      0.119455E-02   0.00000      0.661737E-04   0.00000    
  -11.9000      0.140509E-02   0.00000      0.670711E-04   0.00000    
  -11.8000      0.152098E-02   0.00000      0.679873E-04   0.00000    
  -11.7000      0.188328E-02   0.00000      0.689228E-04   0.00000    
  -11.6000      0.244614E-02   0.00000      0.698783E-04   0.00000    
  -11.5000      0.238502E-02   0.00000      0.708543E-04   0.00000    
  -11.4000      0.213727E-02   0.00000      0.718514E-04   0.00000    
  -11.3000      0.226205E-02   0.00000      0.728702E-04   0.00000    
  -11.2000      0.283285E-02   0.00000      0.739113E-04   0.00000    
  -11.1000      0.383071E-02   0.00000      0.749756E-04   0.00000    
  -11.0000      0.495670E-02   0.00000      0.760636E-04   0.00000    
  -10.9000      0.527782E-02   0.00000      0.771760E-04   0.00000    
  -10.8000      0.487349E-02   0.00000      0.783137E-04   0.00000    
  -10.7000      0.506369E-02   0.00000      0.794775E-04   0.00000    
  -10.6000      0.551622E-02   0.00000      0.806681E-04   0.00000    
  -10.5000      0.662911E-02   0.00000      0.818863E-04   0.00000    
  -10.4000      0.872560E-02   0.00000      0.831332E-04   0.00000    
  -10.3000      0.121899E-01   0.00000      0.844096E-04   0.00000    
  -10.2000      0.118210E-01   0.00000      0.857164E-04   0.00000    
  -10.1000      0.113426E-01   0.00000      0.870547E-04   0.00000    
  -10.0000      0.139601E-01   0.00000      0.884255E-04   0.00000    
  -9.90000      0.147463E-01   0.00000      0.898299E-04   0.00000    
  -9.80000      0.164554E-01   0.00000      0.912691E-04   0.00000    
  -9.70000      0.207552E-01   0.00000      0.927441E-04   0.00000    
  -9.60000      0.198066E-01   0.00000      0.942564E-04   0.00000    
  -9.50000      0.170911E-01   0.00000      0.958071E-04   0.00000    
  -9.40000      0.150431E-01   0.00000      0.973976E-04   0.00000    
  -9.30000      0.138835E-01   0.00000      0.990293E-04   0.00000    
  -9.20000      0.145229E-01   0.00000      0.100704E-03   0.00000    
  -9.10000      0.169715E-01   0.00000      0.102422E-03   0.00000    
  -9.00000      0.212928E-01   0.00000      0.104187E-03   0.00000    
  -8.90000      0.225392E-01   0.00000      0.105999E-03   0.00000    
  -8.80000      0.177107E-01   0.00000      0.107860E-03   0.00000    
  -8.70000      0.164413E-01   0.00000      0.109773E-03   0.00000    
  -8.60000      0.161150E-01   0.00000      0.111738E-03   0.00000    
  -8.50000      0.190778E-01   0.00000      0.113759E-03   0.00000    
  -8.40000      0.197250E-01   0.00000      0.115837E-03   0.00000    
  -8.30000      0.175278E-01   0.00000      0.117975E-03   0.00000    
  -8.20000      0.158868E-01   0.00000      0.120174E-03   0.00000    
  -8.10000      0.164352E-01   0.00000      0.122438E-03   0.00000    
  -8.00000      0.184187E-01   0.00000      0.124770E-03   0.00000    
  -7.90000      0.221130E-01   0.00000      0.127171E-03   0.00000    
  -7.80000      0.240279E-01   0.00000      0.129644E-03   0.00000    
  -7.70000      0.258040E-01   0.00000      0.132194E-03   0.00000    
  -7.60000      0.238959E-01   0.00000      0.134822E-03   0.00000    
  -7.50000      0.223749E-01   0.00000      0.137533E-03   0.00000    
  -7.40000      0.229349E-01   0.00000      0.140330E-03   0.00000    
  -7.30000      0.267109E-01   0.00000      0.143217E-03   0.00000    
  -7.20000      0.280507E-01   0.00000      0.146197E-03   0.00000    
  -7.10000      0.274352E-01   0.00000      0.149276E-03   0.00000    
  -7.00000      0.270706E-01   0.00000      0.152457E-03   0.00000    
  -6.90000      0.270924E-01   0.00000      0.155746E-03   0.00000    
  -6.80000      0.301459E-01   0.00000      0.159148E-03   0.00000    
  -6.70000      0.334280E-01   0.00000      0.162667E-03   0.00000    
  -6.60000      0.307216E-01   0.00000      0.166310E-03   0.00000    
  -6.50000      0.294843E-01   0.00000      0.170082E-03   0.00000    
  -6.40000      0.286724E-01   0.00000      0.173991E-03   0.00000    
  -6.30000      0.316304E-01   0.00000      0.178043E-03   0.00000    
  -6.20000      0.351128E-01   0.00000      0.182245E-03   0.00000    
  -6.10000      0.338537E-01   0.00000      0.186606E-03   0.00000    
  -6.00000      0.353433E-01   0.00000      0.191134E-03   0.00000    
  -5.90000      0.373808E-01   0.00000      0.195837E-03   0.00000    
  -5.80000      0.397399E-01   0.00000      0.200725E-03   0.00000    
  -5.70000      0.433931E-01   0.00000      0.205809E-03   0.00000    
  -5.60000      0.424624E-01   0.00000      0.211099E-03   0.00000    
  -5.50000      0.402097E-01   0.00000      0.216609E-03   0.00000    
  -5.40000      0.392766E-01   0.00000      0.222349E-03   0.00000    
  -5.30000      0.398551E-01   0.00000      0.228335E-03   0.00000    
  -5.20000      0.377805E-01   0.00000      0.234580E-03   0.00000    
  -5.10000      0.370129E-01   0.00000      0.241101E-03   0.00000    
  -5.00000      0.382065E-01   0.00000      0.247916E-03   0.00000    
  -4.90000      0.433032E-01   0.00000      0.255042E-03   0.00000    
  -4.80000      0.454632E-01   0.00000      0.262501E-03   0.00000    
  -4.70000      0.410183E-01   0.00000      0.270314E-03   0.00000    
  -4.60000      0.428589E-01   0.00000      0.278506E-03   0.00000    
  -4.50000      0.474349E-01   0.00000      0.287103E-03   0.00000    
  -4.40000      0.497743E-01   0.00000      0.296133E-03   0.00000    
  -4.30000      0.467134E-01   0.00000      0.305627E-03   0.00000    
  -4.20000      0.458345E-01   0.00000      0.315621E-03   0.00000    
  -4.10000      0.487735E-01   0.00000      0.326151E-03   0.00000    
  -4.00000      0.504669E-01   0.00000      0.337260E-03   0.00000    
  -3.90000      0.500661E-01   0.00000      0.348993E-03   0.00000    
  -3.80000      0.484244E-01   0.00000      0.361400E-03   0.00000    
  -3.70000      0.499152E-01   0.00000      0.374539E-03   0.00000    
  -3.60000      0.504260E-01   0.00000      0.388471E-03   0.00000    
  -3.50000      0.488045E-01   0.00000      0.403267E-03   0.00000    
  -3.40000      0.504977E-01   0.00000      0.419005E-03   0.00000    
  -3.30000      0.527430E-01   0.00000      0.435771E-03   0.00000    
  -3.20000      0.527042E-01   0.00000      0.453665E-03   0.00000    
  -3.10000      0.538088E-01   0.00000      0.472798E-03   0.00000    
  -3.00000      0.530659E-01   0.00000      0.493296E-03   0.00000    
  -2.90000      0.564630E-01   0.00000      0.515304E-03   0.00000    
  -2.80000      0.565358E-01   0.00000      0.538987E-03   0.00000    
  -2.70000      0.583353E-01   0.00000      0.564533E-03   0.00000    
  -2.60000      0.592210E-01   0.00000      0.592162E-03   0.00000    
  -2.50000      0.652080E-01   0.00000      0.622129E-03   0.00000    
  -2.40000      0.683651E-01   0.00000      0.654733E-03   0.00000    
  -2.30000      0.630076E-01   0.00000      0.690322E-03   0.00000    
  -2.20000      0.574776E-01   0.00000      0.729315E-03   0.00000    
  -2.10000      0.627417E-01   0.00000      0.772209E-03   0.00000    
  -2.00000      0.740777E-01   0.00000      0.819604E-03   0.00000    
  -1.90000      0.730849E-01   0.00000      0.872234E-03   0.00000    
  -1.80000      0.731333E-01   0.00000      0.931000E-03   0.00000    
  -1.70000      0.858993E-01   0.00000      0.997031E-03   0.00000    
  -1.60000      0.883116E-01   0.00000      0.107175E-02   0.00000    
  -1.50000      0.855120E-01   0.00000      0.115700E-02   0.00000    
  -1.40000      0.973438E-01   0.00000      0.125519E-02   0.00000    
  -1.30000      0.981829E-01   0.00000      0.136956E-02   0.00000    
  -1.20000      0.923064E-01   0.00000      0.150456E-02   0.00000    
  -1.10000      0.964677E-01   0.00000      0.166651E-02   0.00000    
  -1.00000      0.946369E-01   0.00000      0.186477E-02   0.00000    
 -0.900000      0.109934       0.00000      0.211375E-02   0.00000    
 -0.800000      0.111431       0.00000      0.243711E-02   0.00000    
 -0.700000      0.100294       0.00000      0.287660E-02   0.00000    
 -0.600000      0.909714E-01   0.00000      0.351350E-02   0.00000    
 -0.500000      0.832770E-01   0.00000      0.452847E-02   0.00000    
 -0.400000      0.797628E-01   0.00000      0.640186E-02   0.00000    
 -0.300000      0.665331E-01   0.00000      0.107216E-01   0.00000    
 -0.200000      0.566731E-01   0.00000      0.218350E-01   0.00000    
 -0.100000      0.520952E-01   0.00000      0.284057E-01   0.00000    
  0.111022E-14  0.486976E-01   0.00000      0.236124E-01   0.00000    
  0.100000      0.481406E-01   0.00000      0.282063E-01   0.00000    
  0.200000      0.401936E-01   0.00000      0.370611E-01   0.00000    
  0.300000      0.323815E-01   0.00000      0.421172E-01   0.00000    
  0.400000      0.261113E-01   0.00000      0.423461E-01   0.00000    
  0.500000      0.230085E-01   0.00000      0.395984E-01   0.00000    
  0.600000      0.147706E-01   0.00000      0.436920E-01   0.00000    
  0.700000      0.820894E-02   0.00000      0.642930E-01   0.00000    
  0.800000      0.557049E-02   0.00000      0.611224E-01   0.00000    
  0.900000      0.424162E-02   0.00000      0.527338E-01   0.00000    
   1.00000      0.343706E-02   0.00000      0.698993E-01   0.00000    
   1.10000      0.289163E-02   0.00000      0.844321E-01   0.00000    
   1.20000      0.249417E-02   0.00000      0.106990       0.00000    
   1.30000      0.218997E-02   0.00000      0.957682E-01   0.00000    
   1.40000      0.194882E-02   0.00000      0.802162E-01   0.00000    
   1.50000      0.175251E-02   0.00000      0.882500E-01   0.00000    
   1.60000      0.158941E-02   0.00000      0.909135E-01   0.00000    
   1.70000      0.145165E-02   0.00000      0.922115E-01   0.00000    
   1.80000      0.133372E-02   0.00000      0.905386E-01   0.00000    
   1.90000      0.123161E-02   0.00000      0.841340E-01   0.00000    
   2.00000      0.114237E-02   0.00000      0.875701E-01   0.00000    
   2.10000      0.106372E-02   0.00000      0.846956E-01   0.00000    
   2.20000      0.993906E-03   0.00000      0.772876E-01   0.00000    
   2.30000      0.931547E-03   0.00000      0.732276E-01   0.00000    
   2.40000      0.875533E-03   0.00000      0.621173E-01   0.00000    
   2.50000      0.824965E-03   0.00000      0.625691E-01   0.00000    
   2.60000      0.779107E-03   0.00000      0.657476E-01   0.00000    
   2.70000      0.737351E-03   0.00000      0.584172E-01   0.00000    
   2.80000      0.699187E-03   0.00000      0.587517E-01   0.00000    
   2.90000      0.664187E-03   0.00000      0.557593E-01   0.00000    
   3.00000      0.631988E-03   0.00000      0.558048E-01   0.00000    
   3.10000      0.602279E-03   0.00000      0.569530E-01   0.00000    
   3.20000      0.574796E-03   0.00000      0.495591E-01   0.00000    
   3.30000      0.549307E-03   0.00000      0.464266E-01   0.00000    
   3.40000      0.525612E-03   0.00000      0.502044E-01   0.00000    
   3.50000      0.503538E-03   0.00000      0.512535E-01   0.00000    
   3.60000      0.482932E-03   0.00000      0.470425E-01   0.00000    
   3.70000      0.463659E-03   0.00000      0.450731E-01   0.00000    
   3.80000      0.445601E-03   0.00000      0.478166E-01   0.00000    
   3.90000      0.428653E-03   0.00000      0.524605E-01   0.00000    
   4.00000      0.412719E-03   0.00000      0.508543E-01   0.00000    
   4.10000      0.397718E-03   0.00000      0.470450E-01   0.00000    
   4.20000      0.383574E-03   0.00000      0.462759E-01   0.00000    
   4.30000      0.370220E-03   0.00000      0.512357E-01   0.00000    
   4.40000      0.357596E-03   0.00000      0.502094E-01   0.00000    
   4.50000      0.345646E-03   0.00000      0.464412E-01   0.00000    
   4.60000      0.334321E-03   0.00000      0.426817E-01   0.00000    
   4.70000      0.323578E-03   0.00000      0.431184E-01   0.00000    
   4.80000      0.313373E-03   0.00000      0.451787E-01   0.00000    
   4.90000      0.303672E-03   0.00000      0.444519E-01   0.00000    
   5.00000      0.294439E-03   0.00000      0.411025E-01   0.00000    
   5.10000      0.285644E-03   0.00000      0.403493E-01   0.00000    
   5.20000      0.277259E-03   0.00000      0.439451E-01   0.00000    
   5.30000      0.269257E-03   0.00000      0.485520E-01   0.00000    
   5.40000      0.261614E-03   0.00000      0.444633E-01   0.00000    
   5.50000      0.254308E-03   0.00000      0.406782E-01   0.00000    
   5.60000      0.247320E-03   0.00000      0.411321E-01   0.00000    
   5.70000      0.240630E-03   0.00000      0.480096E-01   0.00000    
   5.80000      0.234221E-03   0.00000      0.474107E-01   0.00000    
   5.90000      0.228077E-03   0.00000      0.444840E-01   0.00000    
   6.00000      0.222182E-03   0.00000      0.449390E-01   0.00000    
   6.10000      0.216524E-03   0.00000      0.464387E-01   0.00000    
   6.20000      0.211089E-03   0.00000      0.457665E-01   0.00000    
   6.30000      0.205865E-03   0.00000      0.453524E-01   0.00000    
   6.40000      0.200841E-03   0.00000      0.451700E-01   0.00000    
   6.50000      0.196006E-03   0.00000      0.398975E-01   0.00000    
   6.60000      0.191352E-03   0.00000      0.384991E-01   0.00000    
   6.70000      0.186868E-03   0.00000      0.407096E-01   0.00000    
   6.80000      0.182546E-03   0.00000      0.413079E-01   0.00000    
   6.90000      0.178379E-03   0.00000      0.418786E-01   0.00000    
   7.00000      0.174358E-03   0.00000      0.386616E-01   0.00000    
   7.10000      0.170477E-03   0.00000      0.359514E-01   0.00000    
   7.20000      0.166729E-03   0.00000      0.373589E-01   0.00000    
   7.30000      0.163109E-03   0.00000      0.366287E-01   0.00000    
   7.40000      0.159609E-03   0.00000      0.350565E-01   0.00000    
   7.50000      0.156225E-03   0.00000      0.337364E-01   0.00000    
   7.60000      0.152951E-03   0.00000      0.341814E-01   0.00000    
   7.70000      0.149783E-03   0.00000      0.333613E-01   0.00000    
   7.80000      0.146715E-03   0.00000      0.308382E-01   0.00000    
   7.90000      0.143745E-03   0.00000      0.300457E-01   0.00000    
   8.00000      0.140866E-03   0.00000      0.296620E-01   0.00000    
   8.10000      0.138076E-03   0.00000      0.302959E-01   0.00000    
   8.20000      0.135371E-03   0.00000      0.314763E-01   0.00000    
   8.30000      0.132748E-03   0.00000      0.278103E-01   0.00000    
   8.40000      0.130202E-03   0.00000      0.256577E-01   0.00000    
   8.50000      0.127731E-03   0.00000      0.246671E-01   0.00000    
   8.60000      0.125332E-03   0.00000      0.231686E-01   0.00000    
   8.70000      0.123002E-03   0.00000      0.246723E-01   0.00000    
   8.80000      0.120739E-03   0.00000      0.256902E-01   0.00000    
   8.90000      0.118539E-03   0.00000      0.233796E-01   0.00000    
   9.00000      0.116401E-03   0.00000      0.210770E-01   0.00000    
   9.10000      0.114322E-03   0.00000      0.202804E-01   0.00000    
   9.20000      0.112299E-03   0.00000      0.196253E-01   0.00000    
   9.30000      0.110332E-03   0.00000      0.218914E-01   0.00000    
   9.40000      0.108417E-03   0.00000      0.236556E-01   0.00000    
   9.50000      0.106553E-03   0.00000      0.237886E-01   0.00000    
   9.60000      0.104738E-03   0.00000      0.200013E-01   0.00000    
   9.70000      0.102970E-03   0.00000      0.182470E-01   0.00000    
   9.80000      0.101248E-03   0.00000      0.188421E-01   0.00000    
   9.90000      0.995695E-04   0.00000      0.181387E-01   0.00000    
   10.0000      0.979338E-04   0.00000      0.191555E-01   0.00000    
   10.1000      0.963391E-04   0.00000      0.184790E-01   0.00000    
   10.2000      0.947841E-04   0.00000      0.137732E-01   0.00000    
   10.3000      0.932674E-04   0.00000      0.121921E-01   0.00000    
   10.4000      0.917877E-04   0.00000      0.117597E-01   0.00000    
   10.5000      0.903438E-04   0.00000      0.103854E-01   0.00000    
   10.6000      0.889346E-04   0.00000      0.934991E-02   0.00000    
   10.7000      0.875589E-04   0.00000      0.107809E-01   0.00000    
   10.8000      0.862156E-04   0.00000      0.987996E-02   0.00000    
   10.9000      0.849038E-04   0.00000      0.697048E-02   0.00000    
   11.0000      0.836224E-04   0.00000      0.632398E-02   0.00000    
   11.1000      0.823704E-04   0.00000      0.652884E-02   0.00000    
   11.2000      0.811470E-04   0.00000      0.499047E-02   0.00000    
   11.3000      0.799513E-04   0.00000      0.400769E-02   0.00000    
   11.4000      0.787824E-04   0.00000      0.430239E-02   0.00000    
   11.5000      0.776396E-04   0.00000      0.371482E-02   0.00000    
   11.6000      0.765220E-04   0.00000      0.270731E-02   0.00000    
   11.7000      0.754288E-04   0.00000      0.259689E-02   0.00000    
   11.8000      0.743595E-04   0.00000      0.281414E-02   0.00000    
   11.9000      0.733132E-04   0.00000      0.204730E-02   0.00000    
   12.0000      0.722893E-04   0.00000      0.163812E-02   0.00000    
   12.1000      0.712871E-04   0.00000      0.153683E-02   0.00000    
   12.2000      0.703061E-04   0.00000      0.167960E-02   0.00000    
   12.3000      0.693456E-04   0.00000      0.152057E-02   0.00000    
   12.4000      0.684050E-04   0.00000      0.123371E-02   0.00000    
   12.5000      0.674839E-04   0.00000      0.124150E-02   0.00000    
   12.6000      0.665816E-04   0.00000      0.126346E-02   0.00000    
   12.7000      0.656976E-04   0.00000      0.973305E-03   0.00000    
   12.8000      0.648315E-04   0.00000      0.815545E-03   0.00000    
   12.9000      0.639827E-04   0.00000      0.781335E-03   0.00000    
   13.0000      0.631508E-04   0.00000      0.780103E-03   0.00000    
   13.1000      0.623353E-04   0.00000      0.850171E-03   0.00000    
   13.2000      0.615358E-04   0.00000      0.788456E-03   0.00000    
   13.3000      0.607519E-04   0.00000      0.706692E-03   0.00000    
   13.4000      0.599831E-04   0.00000      0.699217E-03   0.00000    
   13.5000      0.592291E-04   0.00000      0.621220E-03   0.00000    
   13.6000      0.584895E-04   0.00000      0.546401E-03   0.00000    
   13.7000      0.577639E-04   0.00000      0.512061E-03   0.00000    
   13.8000      0.570519E-04   0.00000      0.508820E-03   0.00000    
   13.9000      0.563533E-04   0.00000      0.502223E-03   0.00000    
   14.0000      0.556677E-04   0.00000      0.566734E-03   0.00000    
   14.1000      0.549947E-04   0.00000      0.528283E-03   0.00000    
   14.2000      0.543340E-04   0.00000      0.450762E-03   0.00000    
   14.3000      0.536854E-04   0.00000      0.428646E-03   0.00000    
   14.4000      0.530485E-04   0.00000      0.409185E-03   0.00000    
   14.5000      0.524231E-04   0.00000      0.388634E-03   0.00000    
   14.6000      0.518088E-04   0.00000      0.380983E-03   0.00000    
   14.7000      0.512055E-04   0.00000      0.367771E-03   0.00000    
   14.8000      0.506128E-04   0.00000      0.373025E-03   0.00000    
   14.9000      0.500305E-04   0.00000      0.399439E-03   0.00000    
   15.0000      0.494583E-04   0.00000      0.366470E-03   0.00000    
   15.1000      0.488961E-04   0.00000      0.320714E-03   0.00000    
   15.2000      0.483435E-04   0.00000      0.307857E-03   0.00000    
   15.3000      0.478004E-04   0.00000      0.304894E-03   0.00000    
   15.4000      0.472666E-04   0.00000      0.294759E-03   0.00000    
   15.5000      0.467417E-04   0.00000      0.296726E-03   0.00000    
   15.6000      0.462257E-04   0.00000      0.286575E-03   0.00000    
   15.7000      0.457184E-04   0.00000      0.268201E-03   0.00000    
   15.8000      0.452194E-04   0.00000      0.280969E-03   0.00000    
   15.9000      0.447287E-04   0.00000      0.266834E-03   0.00000    
   16.0000      0.442461E-04   0.00000      0.241454E-03   0.00000    
   16.1000      0.437713E-04   0.00000      0.232481E-03   0.00000    
   16.2000      0.433042E-04   0.00000      0.222294E-03   0.00000    
   16.3000      0.428447E-04   0.00000      0.223477E-03   0.00000    
   16.4000      0.423926E-04   0.00000      0.229469E-03   0.00000    
   16.5000      0.419477E-04   0.00000      0.210903E-03   0.00000    
   16.6000      0.415098E-04   0.00000      0.197685E-03   0.00000    
   16.7000      0.410789E-04   0.00000      0.200819E-03   0.00000    
   16.8000      0.406547E-04   0.00000      0.201623E-03   0.00000    
   16.9000      0.402372E-04   0.00000      0.185328E-03   0.00000    
   17.0000      0.398261E-04   0.00000      0.174388E-03   0.00000    
   17.1000      0.394214E-04   0.00000      0.170338E-03   0.00000    
   17.2000      0.390229E-04   0.00000      0.170498E-03   0.00000    
   17.3000      0.386305E-04   0.00000      0.169325E-03   0.00000    
   17.4000      0.382441E-04   0.00000      0.159276E-03   0.00000    
   17.5000      0.378635E-04   0.00000      0.148746E-03   0.00000    
   17.6000      0.374886E-04   0.00000      0.145719E-03   0.00000    
   17.7000      0.371194E-04   0.00000      0.148790E-03   0.00000    
   17.8000      0.367556E-04   0.00000      0.140752E-03   0.00000    
   17.9000      0.363972E-04   0.00000      0.133914E-03   0.00000    
   18.0000      0.360441E-04   0.00000      0.130635E-03   0.00000    
   18.1000      0.356962E-04   0.00000      0.128078E-03   0.00000    
   18.2000      0.353534E-04   0.00000      0.127258E-03   0.00000    
   18.3000      0.350155E-04   0.00000      0.125192E-03   0.00000    
   18.4000      0.346825E-04   0.00000      0.119618E-03   0.00000    
   18.5000      0.343543E-04   0.00000      0.114862E-03   0.00000    
   18.6000      0.340308E-04   0.00000      0.112801E-03   0.00000    
   18.7000      0.337119E-04   0.00000      0.113235E-03   0.00000    
   18.8000      0.333975E-04   0.00000      0.110463E-03   0.00000    
   18.9000      0.330875E-04   0.00000      0.107397E-03   0.00000    
   19.0000      0.327819E-04   0.00000      0.103629E-03   0.00000    
   19.1000      0.324805E-04   0.00000      0.101717E-03   0.00000    
   19.2000      0.321833E-04   0.00000      0.100450E-03   0.00000    
   19.3000      0.318903E-04   0.00000      0.101023E-03   0.00000    
   19.4000      0.316012E-04   0.00000      0.968070E-04   0.00000    
   19.5000      0.313161E-04   0.00000      0.938208E-04   0.00000    
   19.6000      0.310349E-04   0.00000      0.937145E-04   0.00000    
   19.7000      0.307575E-04   0.00000      0.927727E-04   0.00000    
   19.8000      0.304839E-04   0.00000      0.909044E-04   0.00000    
   19.9000      0.302139E-04   0.00000      0.887097E-04   0.00000    
   20.0000      0.299475E-04   0.00000      0.854167E-04   0.00000    
