  -20.0000      0.139376E-03   0.00000      0.306217E-04   0.00000    
  -19.9000      0.136108E-03   0.00000      0.308946E-04   0.00000    
  -19.8000      0.132294E-03   0.00000      0.311711E-04   0.00000    
  -19.7000      0.132024E-03   0.00000      0.314514E-04   0.00000    
  -19.6000      0.130788E-03   0.00000      0.317355E-04   0.00000    
  -19.5000      0.136843E-03   0.00000      0.320235E-04   0.00000    
  -19.4000      0.139682E-03   0.00000      0.323154E-04   0.00000    
  -19.3000      0.139422E-03   0.00000      0.326114E-04   0.00000    
  -19.2000      0.137493E-03   0.00000      0.329115E-04   0.00000    
  -19.1000      0.137091E-03   0.00000      0.332157E-04   0.00000    
  -19.0000      0.139723E-03   0.00000      0.335242E-04   0.00000    
  -18.9000      0.143776E-03   0.00000      0.338371E-04   0.00000    
  -18.8000      0.147605E-03   0.00000      0.341544E-04   0.00000    
  -18.7000      0.156415E-03   0.00000      0.344762E-04   0.00000    
  -18.6000      0.151229E-03   0.00000      0.348026E-04   0.00000    
  -18.5000      0.155437E-03   0.00000      0.351337E-04   0.00000    
  -18.4000      0.149867E-03   0.00000      0.354695E-04   0.00000    
  -18.3000      0.153767E-03   0.00000      0.358102E-04   0.00000    
  -18.2000      0.152847E-03   0.00000      0.361559E-04   0.00000    
  -18.1000      0.158379E-03   0.00000      0.365066E-04   0.00000    
  -18.0000      0.162269E-03   0.00000      0.368625E-04   0.00000    
  -17.9000      0.153080E-03   0.00000      0.372237E-04   0.00000    
  -17.8000      0.148511E-03   0.00000      0.375902E-04   0.00000    
  -17.7000      0.149348E-03   0.00000      0.379622E-04   0.00000    
  -17.6000      0.151410E-03   0.00000      0.383397E-04   0.00000    
  -17.5000      0.163677E-03   0.00000      0.387230E-04   0.00000    
  -17.4000      0.169527E-03   0.00000      0.391120E-04   0.00000    
  -17.3000      0.167277E-03   0.00000      0.395070E-04   0.00000    
  -17.2000      0.170224E-03   0.00000      0.399081E-04   0.00000    
  -17.1000      0.171893E-03   0.00000      0.403153E-04   0.00000    
  -17.0000      0.173403E-03   0.00000      0.407288E-04   0.00000    
  -16.9000      0.174807E-03   0.00000      0.411488E-04   0.00000    
  -16.8000      0.178461E-03   0.00000      0.415753E-04   0.00000    
  -16.7000      0.175821E-03   0.00000      0.420086E-04   0.00000    
  -16.6000      0.171365E-03   0.00000      0.424487E-04   0.00000    
  -16.5000      0.174335E-03   0.00000      0.428958E-04   0.00000    
  -16.4000      0.176923E-03   0.00000      0.433500E-04   0.00000    
  -16.3000      0.178575E-03   0.00000      0.438115E-04   0.00000    
  -16.2000      0.187928E-03   0.00000      0.442805E-04   0.00000    
  -16.1000      0.187694E-03   0.00000      0.447571E-04   0.00000    
  -16.0000      0.182122E-03   0.00000      0.452415E-04   0.00000    
  -15.9000      0.181450E-03   0.00000      0.457339E-04   0.00000    
  -15.8000      0.182116E-03   0.00000      0.462344E-04   0.00000    
  -15.7000      0.188833E-03   0.00000      0.467432E-04   0.00000    
  -15.6000      0.197062E-03   0.00000      0.472606E-04   0.00000    
  -15.5000      0.202320E-03   0.00000      0.477866E-04   0.00000    
  -15.4000      0.201822E-03   0.00000      0.483215E-04   0.00000    
  -15.3000      0.204991E-03   0.00000      0.488655E-04   0.00000    
  -15.2000      0.206524E-03   0.00000      0.494188E-04   0.00000    
  -15.1000      0.210386E-03   0.00000      0.499817E-04   0.00000    
  -15.0000      0.218555E-03   0.00000      0.505542E-04   0.00000    
  -14.9000      0.225518E-03   0.00000      0.511368E-04   0.00000    
  -14.8000      0.225624E-03   0.00000      0.517295E-04   0.00000    
  -14.7000      0.223575E-03   0.00000      0.523327E-04   0.00000    
  -14.6000      0.225300E-03   0.00000      0.529466E-04   0.00000    
  -14.5000      0.226219E-03   0.00000      0.535715E-04   0.00000    
  -14.4000      0.232470E-03   0.00000      0.542075E-04   0.00000    
  -14.3000      0.233074E-03   0.00000      0.548551E-04   0.00000    
  -14.2000      0.234900E-03   0.00000      0.555144E-04   0.00000    
  -14.1000      0.237331E-03   0.00000      0.561857E-04   0.00000    
  -14.0000      0.239063E-03   0.00000      0.568694E-04   0.00000    
  -13.9000      0.238516E-03   0.00000      0.575658E-04   0.00000    
  -13.8000      0.250491E-03   0.00000      0.582751E-04   0.00000    
  -13.7000      0.258305E-03   0.00000      0.589978E-04   0.00000    
  -13.6000      0.258633E-03   0.00000      0.597341E-04   0.00000    
  -13.5000      0.264411E-03   0.00000      0.604843E-04   0.00000    
  -13.4000      0.261189E-03   0.00000      0.612489E-04   0.00000    
  -13.3000      0.267224E-03   0.00000      0.620283E-04   0.00000    
  -13.2000      0.274667E-03   0.00000      0.628227E-04   0.00000    
  -13.1000      0.289277E-03   0.00000      0.636327E-04   0.00000    
  -13.0000      0.298944E-03   0.00000      0.644585E-04   0.00000    
  -12.9000      0.304309E-03   0.00000      0.653007E-04   0.00000    
  -12.8000      0.307318E-03   0.00000      0.661596E-04   0.00000    
  -12.7000      0.310487E-03   0.00000      0.670358E-04   0.00000    
  -12.6000      0.318575E-03   0.00000      0.679296E-04   0.00000    
  -12.5000      0.332234E-03   0.00000      0.688416E-04   0.00000    
  -12.4000      0.340103E-03   0.00000      0.697723E-04   0.00000    
  -12.3000      0.342977E-03   0.00000      0.707221E-04   0.00000    
  -12.2000      0.342542E-03   0.00000      0.716917E-04   0.00000    
  -12.1000      0.350319E-03   0.00000      0.726815E-04   0.00000    
  -12.0000      0.359828E-03   0.00000      0.736922E-04   0.00000    
  -11.9000      0.381412E-03   0.00000      0.747244E-04   0.00000    
  -11.8000      0.385773E-03   0.00000      0.757786E-04   0.00000    
  -11.7000      0.396762E-03   0.00000      0.768555E-04   0.00000    
  -11.6000      0.398734E-03   0.00000      0.779558E-04   0.00000    
  -11.5000      0.405560E-03   0.00000      0.790801E-04   0.00000    
  -11.4000      0.422330E-03   0.00000      0.802292E-04   0.00000    
  -11.3000      0.445480E-03   0.00000      0.814037E-04   0.00000    
  -11.2000      0.457167E-03   0.00000      0.826046E-04   0.00000    
  -11.1000      0.464983E-03   0.00000      0.838325E-04   0.00000    
  -11.0000      0.480672E-03   0.00000      0.850883E-04   0.00000    
  -10.9000      0.499348E-03   0.00000      0.863729E-04   0.00000    
  -10.8000      0.516869E-03   0.00000      0.876871E-04   0.00000    
  -10.7000      0.527984E-03   0.00000      0.890319E-04   0.00000    
  -10.6000      0.548832E-03   0.00000      0.904082E-04   0.00000    
  -10.5000      0.566873E-03   0.00000      0.918171E-04   0.00000    
  -10.4000      0.580049E-03   0.00000      0.932596E-04   0.00000    
  -10.3000      0.604565E-03   0.00000      0.947367E-04   0.00000    
  -10.2000      0.630382E-03   0.00000      0.962497E-04   0.00000    
  -10.1000      0.653929E-03   0.00000      0.977996E-04   0.00000    
  -10.0000      0.673144E-03   0.00000      0.993878E-04   0.00000    
  -9.90000      0.698907E-03   0.00000      0.101015E-03   0.00000    
  -9.80000      0.729859E-03   0.00000      0.102684E-03   0.00000    
  -9.70000      0.783391E-03   0.00000      0.104395E-03   0.00000    
  -9.60000      0.830086E-03   0.00000      0.106149E-03   0.00000    
  -9.50000      0.866319E-03   0.00000      0.107949E-03   0.00000    
  -9.40000      0.890217E-03   0.00000      0.109795E-03   0.00000    
  -9.30000      0.926326E-03   0.00000      0.111690E-03   0.00000    
  -9.20000      0.966562E-03   0.00000      0.113635E-03   0.00000    
  -9.10000      0.102954E-02   0.00000      0.115632E-03   0.00000    
  -9.00000      0.109965E-02   0.00000      0.117683E-03   0.00000    
  -8.90000      0.115299E-02   0.00000      0.119790E-03   0.00000    
  -8.80000      0.117511E-02   0.00000      0.121955E-03   0.00000    
  -8.70000      0.120237E-02   0.00000      0.124180E-03   0.00000    
  -8.60000      0.127709E-02   0.00000      0.126467E-03   0.00000    
  -8.50000      0.133597E-02   0.00000      0.128819E-03   0.00000    
  -8.40000      0.141616E-02   0.00000      0.131239E-03   0.00000    
  -8.30000      0.150269E-02   0.00000      0.133728E-03   0.00000    
  -8.20000      0.160436E-02   0.00000      0.136290E-03   0.00000    
  -8.10000      0.174173E-02   0.00000      0.138927E-03   0.00000    
  -8.00000      0.192934E-02   0.00000      0.141643E-03   0.00000    
  -7.90000      0.220341E-02   0.00000      0.144441E-03   0.00000    
  -7.80000      0.258307E-02   0.00000      0.147324E-03   0.00000    
  -7.70000      0.306754E-02   0.00000      0.150296E-03   0.00000    
  -7.60000      0.368213E-02   0.00000      0.153360E-03   0.00000    
  -7.50000      0.442670E-02   0.00000      0.156521E-03   0.00000    
  -7.40000      0.553473E-02   0.00000      0.159782E-03   0.00000    
  -7.30000      0.692692E-02   0.00000      0.163148E-03   0.00000    
  -7.20000      0.846239E-02   0.00000      0.166624E-03   0.00000    
  -7.10000      0.109661E-01   0.00000      0.170214E-03   0.00000    
  -7.00000      0.148015E-01   0.00000      0.173924E-03   0.00000    
  -6.90000      0.178065E-01   0.00000      0.177759E-03   0.00000    
  -6.80000      0.207529E-01   0.00000      0.181724E-03   0.00000    
  -6.70000      0.230936E-01   0.00000      0.185827E-03   0.00000    
  -6.60000      0.286917E-01   0.00000      0.190073E-03   0.00000    
  -6.50000      0.345472E-01   0.00000      0.194470E-03   0.00000    
  -6.40000      0.422411E-01   0.00000      0.199024E-03   0.00000    
  -6.30000      0.444523E-01   0.00000      0.203743E-03   0.00000    
  -6.20000      0.436529E-01   0.00000      0.208637E-03   0.00000    
  -6.10000      0.428572E-01   0.00000      0.213713E-03   0.00000    
  -6.00000      0.470815E-01   0.00000      0.218981E-03   0.00000    
  -5.90000      0.485722E-01   0.00000      0.224451E-03   0.00000    
  -5.80000      0.476088E-01   0.00000      0.230133E-03   0.00000    
  -5.70000      0.422588E-01   0.00000      0.236040E-03   0.00000    
  -5.60000      0.331024E-01   0.00000      0.242182E-03   0.00000    
  -5.50000      0.312783E-01   0.00000      0.248574E-03   0.00000    
  -5.40000      0.355754E-01   0.00000      0.255229E-03   0.00000    
  -5.30000      0.449712E-01   0.00000      0.262163E-03   0.00000    
  -5.20000      0.488866E-01   0.00000      0.269390E-03   0.00000    
  -5.10000      0.443341E-01   0.00000      0.276929E-03   0.00000    
  -5.00000      0.485279E-01   0.00000      0.284798E-03   0.00000    
  -4.90000      0.480463E-01   0.00000      0.293018E-03   0.00000    
  -4.80000      0.475784E-01   0.00000      0.301609E-03   0.00000    
  -4.70000      0.486935E-01   0.00000      0.310596E-03   0.00000    
  -4.60000      0.483027E-01   0.00000      0.320002E-03   0.00000    
  -4.50000      0.464261E-01   0.00000      0.329857E-03   0.00000    
  -4.40000      0.447444E-01   0.00000      0.340189E-03   0.00000    
  -4.30000      0.457660E-01   0.00000      0.351031E-03   0.00000    
  -4.20000      0.519207E-01   0.00000      0.362417E-03   0.00000    
  -4.10000      0.528570E-01   0.00000      0.374386E-03   0.00000    
  -4.00000      0.637092E-01   0.00000      0.386979E-03   0.00000    
  -3.90000      0.640572E-01   0.00000      0.400243E-03   0.00000    
  -3.80000      0.711338E-01   0.00000      0.414226E-03   0.00000    
  -3.70000      0.704987E-01   0.00000      0.428985E-03   0.00000    
  -3.60000      0.683619E-01   0.00000      0.444577E-03   0.00000    
  -3.50000      0.658446E-01   0.00000      0.461071E-03   0.00000    
  -3.40000      0.718820E-01   0.00000      0.478539E-03   0.00000    
  -3.30000      0.838562E-01   0.00000      0.497063E-03   0.00000    
  -3.20000      0.863388E-01   0.00000      0.516731E-03   0.00000    
  -3.10000      0.898088E-01   0.00000      0.537644E-03   0.00000    
  -3.00000      0.933204E-01   0.00000      0.559914E-03   0.00000    
  -2.90000      0.992191E-01   0.00000      0.583664E-03   0.00000    
  -2.80000      0.977383E-01   0.00000      0.609034E-03   0.00000    
  -2.70000      0.107330       0.00000      0.636182E-03   0.00000    
  -2.60000      0.112034       0.00000      0.665284E-03   0.00000    
  -2.50000      0.105829       0.00000      0.696540E-03   0.00000    
  -2.40000      0.103369       0.00000      0.730180E-03   0.00000    
  -2.30000      0.112057       0.00000      0.766461E-03   0.00000    
  -2.20000      0.133789       0.00000      0.805682E-03   0.00000    
  -2.10000      0.137314       0.00000      0.848185E-03   0.00000    
  -2.00000      0.141427       0.00000      0.894367E-03   0.00000    
  -1.90000      0.145525       0.00000      0.944687E-03   0.00000    
  -1.80000      0.133469       0.00000      0.999682E-03   0.00000    
  -1.70000      0.112843       0.00000      0.105998E-02   0.00000    
  -1.60000      0.122708       0.00000      0.112634E-02   0.00000    
  -1.50000      0.165249       0.00000      0.119964E-02   0.00000    
  -1.40000      0.166106       0.00000      0.128095E-02   0.00000    
  -1.30000      0.137521       0.00000      0.137157E-02   0.00000    
  -1.20000      0.120245       0.00000      0.147308E-02   0.00000    
  -1.10000      0.903502E-01   0.00000      0.158742E-02   0.00000    
  -1.00000      0.950257E-01   0.00000      0.171705E-02   0.00000    
 -0.900000      0.960485E-01   0.00000      0.186504E-02   0.00000    
 -0.800000      0.508372E-01   0.00000      0.203535E-02   0.00000    
 -0.700000      0.278732E-01   0.00000      0.223319E-02   0.00000    
 -0.600000      0.218605E-01   0.00000      0.246544E-02   0.00000    
 -0.500000      0.268013E-01   0.00000      0.274154E-02   0.00000    
 -0.400000      0.318207E-01   0.00000      0.307470E-02   0.00000    
 -0.300000      0.250675E-01   0.00000      0.348408E-02   0.00000    
 -0.200000      0.129214E-01   0.00000      0.399863E-02   0.00000    
 -0.100000      0.810456E-02   0.00000      0.466444E-02   0.00000    
  0.111022E-14  0.594724E-02   0.00000      0.555998E-02   0.00000    
  0.100000      0.473305E-02   0.00000      0.683140E-02   0.00000    
  0.200000      0.394262E-02   0.00000      0.878703E-02   0.00000    
  0.300000      0.337936E-02   0.00000      0.122011E-01   0.00000    
  0.400000      0.295365E-02   0.00000      0.194911E-01   0.00000    
  0.500000      0.261859E-02   0.00000      0.367734E-01   0.00000    
  0.600000      0.234704E-02   0.00000      0.543933E-01   0.00000    
  0.700000      0.212204E-02   0.00000      0.649180E-01   0.00000    
  0.800000      0.193238E-02   0.00000      0.668623E-01   0.00000    
  0.900000      0.177026E-02   0.00000      0.693445E-01   0.00000    
   1.00000      0.163009E-02   0.00000      0.120519       0.00000    
   1.10000      0.150773E-02   0.00000      0.174224       0.00000    
   1.20000      0.140003E-02   0.00000      0.163701       0.00000    
   1.30000      0.130456E-02   0.00000      0.139452       0.00000    
   1.40000      0.121940E-02   0.00000      0.127894       0.00000    
   1.50000      0.114301E-02   0.00000      0.127908       0.00000    
   1.60000      0.107415E-02   0.00000      0.144493       0.00000    
   1.70000      0.101180E-02   0.00000      0.144404       0.00000    
   1.80000      0.955119E-03   0.00000      0.137193       0.00000    
   1.90000      0.903396E-03   0.00000      0.137071       0.00000    
   2.00000      0.856040E-03   0.00000      0.121132       0.00000    
   2.10000      0.812547E-03   0.00000      0.123751       0.00000    
   2.20000      0.772487E-03   0.00000      0.132505       0.00000    
   2.30000      0.735492E-03   0.00000      0.132521       0.00000    
   2.40000      0.701241E-03   0.00000      0.114245       0.00000    
   2.50000      0.669458E-03   0.00000      0.101527       0.00000    
   2.60000      0.639901E-03   0.00000      0.974866E-01   0.00000    
   2.70000      0.612358E-03   0.00000      0.908496E-01   0.00000    
   2.80000      0.586644E-03   0.00000      0.806860E-01   0.00000    
   2.90000      0.562592E-03   0.00000      0.756306E-01   0.00000    
   3.00000      0.540058E-03   0.00000      0.796720E-01   0.00000    
   3.10000      0.518912E-03   0.00000      0.825658E-01   0.00000    
   3.20000      0.499038E-03   0.00000      0.750579E-01   0.00000    
   3.30000      0.480333E-03   0.00000      0.724564E-01   0.00000    
   3.40000      0.462703E-03   0.00000      0.731354E-01   0.00000    
   3.50000      0.446064E-03   0.00000      0.670866E-01   0.00000    
   3.60000      0.430343E-03   0.00000      0.637023E-01   0.00000    
   3.70000      0.415469E-03   0.00000      0.705664E-01   0.00000    
   3.80000      0.401382E-03   0.00000      0.790731E-01   0.00000    
   3.90000      0.388025E-03   0.00000      0.717642E-01   0.00000    
   4.00000      0.375348E-03   0.00000      0.526419E-01   0.00000    
   4.10000      0.363303E-03   0.00000      0.460058E-01   0.00000    
   4.20000      0.351848E-03   0.00000      0.462294E-01   0.00000    
   4.30000      0.340944E-03   0.00000      0.494514E-01   0.00000    
   4.40000      0.330556E-03   0.00000      0.514731E-01   0.00000    
   4.50000      0.320650E-03   0.00000      0.523667E-01   0.00000    
   4.60000      0.311196E-03   0.00000      0.562105E-01   0.00000    
   4.70000      0.302167E-03   0.00000      0.543123E-01   0.00000    
   4.80000      0.293536E-03   0.00000      0.528710E-01   0.00000    
   4.90000      0.285281E-03   0.00000      0.551961E-01   0.00000    
   5.00000      0.277379E-03   0.00000      0.466118E-01   0.00000    
   5.10000      0.269809E-03   0.00000      0.393072E-01   0.00000    
   5.20000      0.262554E-03   0.00000      0.368632E-01   0.00000    
   5.30000      0.255595E-03   0.00000      0.386629E-01   0.00000    
   5.40000      0.248917E-03   0.00000      0.379794E-01   0.00000    
   5.50000      0.242503E-03   0.00000      0.387251E-01   0.00000    
   5.60000      0.236340E-03   0.00000      0.364558E-01   0.00000    
   5.70000      0.230415E-03   0.00000      0.368657E-01   0.00000    
   5.80000      0.224716E-03   0.00000      0.381090E-01   0.00000    
   5.90000      0.219230E-03   0.00000      0.409801E-01   0.00000    
   6.00000      0.213947E-03   0.00000      0.398040E-01   0.00000    
   6.10000      0.208857E-03   0.00000      0.408748E-01   0.00000    
   6.20000      0.203951E-03   0.00000      0.444044E-01   0.00000    
   6.30000      0.199219E-03   0.00000      0.405332E-01   0.00000    
   6.40000      0.194654E-03   0.00000      0.341737E-01   0.00000    
   6.50000      0.190247E-03   0.00000      0.272540E-01   0.00000    
   6.60000      0.185991E-03   0.00000      0.233070E-01   0.00000    
   6.70000      0.181880E-03   0.00000      0.227022E-01   0.00000    
   6.80000      0.177906E-03   0.00000      0.190882E-01   0.00000    
   6.90000      0.174063E-03   0.00000      0.169130E-01   0.00000    
   7.00000      0.170346E-03   0.00000      0.148222E-01   0.00000    
   7.10000      0.166749E-03   0.00000      0.951474E-02   0.00000    
   7.20000      0.163267E-03   0.00000      0.673259E-02   0.00000    
   7.30000      0.159894E-03   0.00000      0.596057E-02   0.00000    
   7.40000      0.156628E-03   0.00000      0.580643E-02   0.00000    
   7.50000      0.153461E-03   0.00000      0.414814E-02   0.00000    
   7.60000      0.150392E-03   0.00000      0.313143E-02   0.00000    
   7.70000      0.147416E-03   0.00000      0.292064E-02   0.00000    
   7.80000      0.144528E-03   0.00000      0.246037E-02   0.00000    
   7.90000      0.141726E-03   0.00000      0.199913E-02   0.00000    
   8.00000      0.139006E-03   0.00000      0.177280E-02   0.00000    
   8.10000      0.136365E-03   0.00000      0.160696E-02   0.00000    
   8.20000      0.133799E-03   0.00000      0.151936E-02   0.00000    
   8.30000      0.131307E-03   0.00000      0.148335E-02   0.00000    
   8.40000      0.128884E-03   0.00000      0.139366E-02   0.00000    
   8.50000      0.126529E-03   0.00000      0.130670E-02   0.00000    
   8.60000      0.124239E-03   0.00000      0.124194E-02   0.00000    
   8.70000      0.122012E-03   0.00000      0.118758E-02   0.00000    
   8.80000      0.119844E-03   0.00000      0.114702E-02   0.00000    
   8.90000      0.117735E-03   0.00000      0.109041E-02   0.00000    
   9.00000      0.115682E-03   0.00000      0.102274E-02   0.00000    
   9.10000      0.113683E-03   0.00000      0.975857E-03   0.00000    
   9.20000      0.111735E-03   0.00000      0.944563E-03   0.00000    
   9.30000      0.109839E-03   0.00000      0.927319E-03   0.00000    
   9.40000      0.107990E-03   0.00000      0.871207E-03   0.00000    
   9.50000      0.106189E-03   0.00000      0.809345E-03   0.00000    
   9.60000      0.104433E-03   0.00000      0.768879E-03   0.00000    
   9.70000      0.102720E-03   0.00000      0.750528E-03   0.00000    
   9.80000      0.101050E-03   0.00000      0.737129E-03   0.00000    
   9.90000      0.994213E-04   0.00000      0.721098E-03   0.00000    
   10.0000      0.978317E-04   0.00000      0.670784E-03   0.00000    
   10.1000      0.962805E-04   0.00000      0.635423E-03   0.00000    
   10.2000      0.947663E-04   0.00000      0.609221E-03   0.00000    
   10.3000      0.932879E-04   0.00000      0.600578E-03   0.00000    
   10.4000      0.918443E-04   0.00000      0.589778E-03   0.00000    
   10.5000      0.904344E-04   0.00000      0.573544E-03   0.00000    
   10.6000      0.890571E-04   0.00000      0.540099E-03   0.00000    
   10.7000      0.877113E-04   0.00000      0.519043E-03   0.00000    
   10.8000      0.863961E-04   0.00000      0.508416E-03   0.00000    
   10.9000      0.851107E-04   0.00000      0.498129E-03   0.00000    
   11.0000      0.838540E-04   0.00000      0.491405E-03   0.00000    
   11.1000      0.826253E-04   0.00000      0.467777E-03   0.00000    
   11.2000      0.814237E-04   0.00000      0.439683E-03   0.00000    
   11.3000      0.802483E-04   0.00000      0.420745E-03   0.00000    
   11.4000      0.790986E-04   0.00000      0.414605E-03   0.00000    
   11.5000      0.779736E-04   0.00000      0.409682E-03   0.00000    
   11.6000      0.768726E-04   0.00000      0.394604E-03   0.00000    
   11.7000      0.757951E-04   0.00000      0.373244E-03   0.00000    
   11.8000      0.747403E-04   0.00000      0.358859E-03   0.00000    
   11.9000      0.737076E-04   0.00000      0.351662E-03   0.00000    
   12.0000      0.726963E-04   0.00000      0.352324E-03   0.00000    
   12.1000      0.717060E-04   0.00000      0.354602E-03   0.00000    
   12.2000      0.707359E-04   0.00000      0.346986E-03   0.00000    
   12.3000      0.697855E-04   0.00000      0.332730E-03   0.00000    
   12.4000      0.688544E-04   0.00000      0.325765E-03   0.00000    
   12.5000      0.679419E-04   0.00000      0.316384E-03   0.00000    
   12.6000      0.670477E-04   0.00000      0.316141E-03   0.00000    
   12.7000      0.661711E-04   0.00000      0.314719E-03   0.00000    
   12.8000      0.653118E-04   0.00000      0.294373E-03   0.00000    
   12.9000      0.644692E-04   0.00000      0.285980E-03   0.00000    
   13.0000      0.636430E-04   0.00000      0.278570E-03   0.00000    
   13.1000      0.628328E-04   0.00000      0.280014E-03   0.00000    
   13.2000      0.620380E-04   0.00000      0.277133E-03   0.00000    
   13.3000      0.612583E-04   0.00000      0.275362E-03   0.00000    
   13.4000      0.604934E-04   0.00000      0.267561E-03   0.00000    
   13.5000      0.597428E-04   0.00000      0.258353E-03   0.00000    
   13.6000      0.590062E-04   0.00000      0.256789E-03   0.00000    
   13.7000      0.582833E-04   0.00000      0.253278E-03   0.00000    
   13.8000      0.575737E-04   0.00000      0.253442E-03   0.00000    
   13.9000      0.568771E-04   0.00000      0.251742E-03   0.00000    
   14.0000      0.561931E-04   0.00000      0.239917E-03   0.00000    
   14.1000      0.555215E-04   0.00000      0.230959E-03   0.00000    
   14.2000      0.548620E-04   0.00000      0.225213E-03   0.00000    
   14.3000      0.542142E-04   0.00000      0.222303E-03   0.00000    
   14.4000      0.535780E-04   0.00000      0.224653E-03   0.00000    
   14.5000      0.529529E-04   0.00000      0.224626E-03   0.00000    
   14.6000      0.523388E-04   0.00000      0.218328E-03   0.00000    
   14.7000      0.517355E-04   0.00000      0.212542E-03   0.00000    
   14.8000      0.511425E-04   0.00000      0.207199E-03   0.00000    
   14.9000      0.505598E-04   0.00000      0.207970E-03   0.00000    
   15.0000      0.499870E-04   0.00000      0.210651E-03   0.00000    
   15.1000      0.494240E-04   0.00000      0.211569E-03   0.00000    
   15.2000      0.488706E-04   0.00000      0.204994E-03   0.00000    
   15.3000      0.483264E-04   0.00000      0.198800E-03   0.00000    
   15.4000      0.477913E-04   0.00000      0.192664E-03   0.00000    
   15.5000      0.472652E-04   0.00000      0.188734E-03   0.00000    
   15.6000      0.467477E-04   0.00000      0.188295E-03   0.00000    
   15.7000      0.462387E-04   0.00000      0.191232E-03   0.00000    
   15.8000      0.457381E-04   0.00000      0.191704E-03   0.00000    
   15.9000      0.452456E-04   0.00000      0.190197E-03   0.00000    
   16.0000      0.447611E-04   0.00000      0.182700E-03   0.00000    
   16.1000      0.442844E-04   0.00000      0.177071E-03   0.00000    
   16.2000      0.438152E-04   0.00000      0.180217E-03   0.00000    
   16.3000      0.433536E-04   0.00000      0.185076E-03   0.00000    
   16.4000      0.428993E-04   0.00000      0.189778E-03   0.00000    
   16.5000      0.424521E-04   0.00000      0.183021E-03   0.00000    
   16.6000      0.420119E-04   0.00000      0.175654E-03   0.00000    
   16.7000      0.415785E-04   0.00000      0.172039E-03   0.00000    
   16.8000      0.411519E-04   0.00000      0.172152E-03   0.00000    
   16.9000      0.407319E-04   0.00000      0.177264E-03   0.00000    
   17.0000      0.403183E-04   0.00000      0.179617E-03   0.00000    
   17.1000      0.399109E-04   0.00000      0.175559E-03   0.00000    
   17.2000      0.395098E-04   0.00000      0.166804E-03   0.00000    
   17.3000      0.391147E-04   0.00000      0.157164E-03   0.00000    
   17.4000      0.387256E-04   0.00000      0.154496E-03   0.00000    
   17.5000      0.383423E-04   0.00000      0.154120E-03   0.00000    
   17.6000      0.379646E-04   0.00000      0.158662E-03   0.00000    
   17.7000      0.375926E-04   0.00000      0.158054E-03   0.00000    
   17.8000      0.372260E-04   0.00000      0.152240E-03   0.00000    
   17.9000      0.368648E-04   0.00000      0.145132E-03   0.00000    
   18.0000      0.365088E-04   0.00000      0.146339E-03   0.00000    
   18.1000      0.361580E-04   0.00000      0.146326E-03   0.00000    
   18.2000      0.358123E-04   0.00000      0.154538E-03   0.00000    
   18.3000      0.354715E-04   0.00000      0.154255E-03   0.00000    
   18.4000      0.351356E-04   0.00000      0.159161E-03   0.00000    
   18.5000      0.348045E-04   0.00000      0.148946E-03   0.00000    
   18.6000      0.344781E-04   0.00000      0.145819E-03   0.00000    
   18.7000      0.341562E-04   0.00000      0.147368E-03   0.00000    
   18.8000      0.338389E-04   0.00000      0.149554E-03   0.00000    
   18.9000      0.335260E-04   0.00000      0.158168E-03   0.00000    
   19.0000      0.332174E-04   0.00000      0.159595E-03   0.00000    
   19.1000      0.329131E-04   0.00000      0.152157E-03   0.00000    
   19.2000      0.326130E-04   0.00000      0.149884E-03   0.00000    
   19.3000      0.323169E-04   0.00000      0.142752E-03   0.00000    
   19.4000      0.320249E-04   0.00000      0.143799E-03   0.00000    
   19.5000      0.317369E-04   0.00000      0.143872E-03   0.00000    
   19.6000      0.314528E-04   0.00000      0.147936E-03   0.00000    
   19.7000      0.311725E-04   0.00000      0.150707E-03   0.00000    
   19.8000      0.308959E-04   0.00000      0.139204E-03   0.00000    
   19.9000      0.306230E-04   0.00000      0.135872E-03   0.00000    
   20.0000      0.303537E-04   0.00000      0.135370E-03   0.00000    
