 # 4 site DOS and GIPR created by main.f90 with subroutines in routines.f90
 #
 # parameters: U =  0.00  t = -1.00  W = 12.00
 # nbins = 300     ensemble size =      100000
 #
 # Filling:  0.500235021    
 # Filling Error:   6.43000007E-03
 #
 #  Frequency           DOS            GIPR
  -12.0000000       7.78397105E-15   1.21936965    
  -11.9200001       7.81588725E-15   1.22454524    
  -11.8400002       8.62377542E-15   1.16128552    
  -11.7600002       7.83756960E-15   1.20094347    
  -11.6800003       8.81764517E-15   1.13674021    
  -11.6000004       8.45045723E-15   1.12053800    
  -11.5200005       8.87427610E-15   1.08924687    
  -11.4400005       8.78594581E-15   1.10168862    
  -11.3600006       9.10645037E-15   1.07781994    
  -11.2800007       9.26237728E-15   1.07090664    
  -11.2000008       9.77438074E-15   1.03342700    
  -11.1200008       1.00164170E-14   1.02510333    
  -11.0400009       9.91770549E-15   1.01392794    
  -10.9600010       1.00616842E-14   1.00693572    
  -10.8800011       1.07160163E-14  0.952142000    
  -10.8000011       1.13452999E-14  0.942428827    
  -10.7200012       1.10562109E-14  0.954538345    
  -10.6400013       1.07421150E-14  0.948115647    
  -10.5600014       1.15641783E-14  0.931452632    
  -10.4800014       1.16670598E-14  0.937165856    
  -10.4000015       1.19981861E-14  0.916499853    
  -10.3200016       1.19516561E-14  0.918033779    
  -10.2400017       1.24231138E-14  0.904482901    
  -10.1600018       1.27789853E-14  0.874578714    
  -10.0800018       1.32540743E-14  0.858975351    
  -10.0000019       1.40024312E-14  0.863308966    
  -9.92000198       1.43395343E-14  0.858522475    
  -9.84000206       1.34070560E-14  0.873993397    
  -9.76000214       1.46486522E-14  0.850274742    
  -9.68000221       1.50053293E-14  0.840237737    
  -9.60000229       1.45773235E-14  0.839726329    
  -9.52000237       1.58357400E-14  0.820574522    
  -9.44000244       1.61052270E-14  0.823382139    
  -9.36000252       1.52465609E-14  0.812390029    
  -9.28000259       1.69671321E-14  0.802950382    
  -9.20000267       1.82372394E-14  0.781199276    
  -9.12000275       1.89050978E-14  0.782178581    
  -9.04000282       1.84981577E-14  0.795742512    
  -8.96000290       2.00084039E-14  0.772855580    
  -8.88000298       1.95865900E-14  0.767429173    
  -8.80000305       2.00550941E-14  0.769723177    
  -8.72000313       2.22204694E-14  0.758147418    
  -8.64000320       2.18917596E-14  0.760904789    
  -8.56000328       2.45647957E-14  0.734699965    
  -8.48000336       2.34151230E-14  0.761936963    
  -8.40000343       2.52689105E-14  0.745359063    
  -8.32000351       2.64421799E-14  0.737763047    
  -8.24000359       2.55035996E-14  0.739976764    
  -8.16000366       2.87422199E-14  0.738326132    
  -8.08000374       2.66556085E-14  0.744392335    
  -8.00000381       3.16705179E-14  0.716961920    
  -7.92000389       3.32675443E-14  0.702735484    
  -7.84000397       2.89088042E-14  0.737799168    
  -7.76000404       3.12500015E-05  0.259542882    
  -7.68000412       3.78305955E-14  0.712237298    
  -7.60000420       1.25000006E-04  0.276874632    
  -7.52000427       2.50000012E-04  0.294270873    
  -7.44000435       5.62500034E-04  0.324196696    
  -7.36000443       6.24999986E-04  0.328441560    
  -7.28000450       1.62500003E-03  0.349645644    
  -7.20000458       3.06250015E-03  0.391092688    
  -7.12000465       4.78124991E-03  0.406332850    
  -7.04000473       7.75000034E-03  0.418775439    
  -6.96000481       1.02187498E-02  0.438846737    
  -6.88000488       1.30624995E-02  0.451700568    
  -6.80000496       1.56250000E-02  0.472716033    
  -6.72000504       1.89687517E-02  0.497207522    
  -6.64000511       2.55937520E-02  0.512349486    
  -6.56000519       3.12187504E-02  0.553482473    
  -6.48000526       3.96874994E-02  0.589282751    
  -6.40000534       4.78437506E-02  0.637847602    
  -6.32000542       6.21250011E-02  0.693564415    
  -6.24000549       7.56250024E-02  0.744759321    
  -6.16000557       7.75625035E-02  0.738700747    
  -6.08000565       7.73750022E-02  0.741528571    
  -6.00000572       7.60937557E-02  0.732333481    
  -5.92000580       7.59687498E-02  0.742740452    
  -5.84000587       7.39687458E-02  0.731609941    
  -5.76000595       7.34999999E-02  0.725624681    
  -5.68000603       6.94999993E-02  0.731202960    
  -5.60000610       7.12187439E-02  0.720317304    
  -5.52000618       7.00312480E-02  0.718964398    
  -5.44000626       7.02812523E-02  0.717575729    
  -5.36000633       6.85312524E-02  0.713860154    
  -5.28000641       6.97500035E-02  0.702212214    
  -5.20000648       7.20937550E-02  0.700316846    
  -5.12000656       6.89375028E-02  0.693859696    
  -5.04000664       7.03437477E-02  0.694338202    
  -4.96000671       7.32812509E-02  0.679809749    
  -4.88000679       7.21874982E-02  0.678472638    
  -4.80000687       7.09375069E-02  0.666598737    
  -4.72000694       7.17812553E-02  0.665982068    
  -4.64000702       7.28437528E-02  0.659681976    
  -4.56000710       7.35312551E-02  0.656776488    
  -4.48000717       7.31875002E-02  0.653069258    
  -4.40000725       7.76249990E-02  0.643412769    
  -4.32000732       7.54062533E-02  0.643117726    
  -4.24000740       7.55312517E-02  0.641931593    
  -4.16000748       7.49687478E-02  0.634940684    
  -4.08000755       7.48437494E-02  0.637144029    
  -4.00000763       7.66562521E-02  0.629428267    
  -3.92000771       7.71875009E-02  0.630378664    
  -3.84000778       7.68124983E-02  0.629567802    
  -3.76000786       7.61249959E-02  0.619937181    
  -3.68000793       7.72500038E-02  0.614029586    
  -3.60000801       7.52187520E-02  0.614218831    
  -3.52000809       7.73750022E-02  0.610460579    
  -3.44000816       7.69062489E-02  0.619910598    
  -3.36000824       7.61875063E-02  0.615547299    
  -3.28000832       7.69062489E-02  0.611948371    
  -3.20000839       7.60312527E-02  0.606332600    
  -3.12000847       7.73437545E-02  0.615332365    
  -3.04000854       7.93125033E-02  0.608732879    
  -2.96000862       7.80312568E-02  0.610234499    
  -2.88000870       7.76562542E-02  0.605615318    
  -2.80000877       7.74374977E-02  0.613452613    
  -2.72000885       8.16249996E-02  0.606391072    
  -2.64000893       7.93749988E-02  0.601633608    
  -2.56000900       8.25000033E-02  0.604829431    
  -2.48000908       7.90624991E-02  0.605651975    
  -2.40000916       7.85312504E-02  0.602859914    
  -2.32000923       7.71562532E-02  0.602496207    
  -2.24000931       7.87499994E-02  0.609636962    
  -2.16000938       7.80937523E-02  0.605596364    
  -2.08000946       7.85625055E-02  0.605521202    
  -2.00000954       7.64375031E-02  0.602313519    
  -1.92000949       7.74062499E-02  0.601207316    
  -1.84000945       7.80312568E-02  0.599079609    
  -1.76000941       7.83749968E-02  0.599888086    
  -1.68000937       7.85625055E-02  0.598210335    
  -1.60000932       8.06250051E-02  0.598346531    
  -1.52000928       8.06562528E-02  0.600740671    
  -1.44000924       7.86250010E-02  0.601897359    
  -1.36000919       7.72187486E-02  0.602254510    
  -1.28000915       7.64062554E-02  0.598514199    
  -1.20000911       7.85312504E-02  0.598677158    
  -1.12000906       7.90312514E-02  0.600085497    
  -1.04000902       8.05625021E-02  0.602165043    
 -0.960009038       8.04062560E-02  0.604189336    
 -0.880009055       7.82500058E-02  0.599776506    
 -0.800009072       7.87812546E-02  0.604928732    
 -0.720009089       8.27500001E-02  0.599298000    
 -0.640009105       8.07499960E-02  0.605463326    
 -0.560009122       8.10000002E-02  0.601646125    
 -0.480009139       7.86562562E-02  0.604219496    
 -0.400009155       7.88125023E-02  0.603476226    
 -0.320009172       8.21250007E-02  0.598057866    
 -0.240009174       7.77812526E-02  0.601645768    
 -0.160009176       7.90312514E-02  0.600984573    
  -8.00091773E-02   7.79687539E-02  0.594162762    
  -9.17911530E-06   8.03750008E-02  0.594812870    
   7.99908191E-02   7.76249990E-02  0.603139102    
  0.159990817       7.93125033E-02  0.597240746    
  0.239990816       7.87812546E-02  0.599100530    
  0.319990814       7.97812492E-02  0.607037663    
  0.399990797       7.83437565E-02  0.596526504    
  0.479990780       8.06875005E-02  0.600037754    
  0.559990764       8.04687515E-02  0.601408005    
  0.639990747       7.72187486E-02  0.594378591    
  0.719990730       7.69375041E-02  0.603588581    
  0.799990714       7.90000036E-02  0.598439932    
  0.879990697       7.58750066E-02  0.604225278    
  0.959990680       7.77812526E-02  0.605457306    
   1.03999066       7.79687539E-02  0.597621500    
   1.11999071       8.11875015E-02  0.604203999    
   1.19999075       7.75625035E-02  0.596407413    
   1.27999079       7.85000026E-02  0.594264269    
   1.35999084       7.75625035E-02  0.605475664    
   1.43999088       7.96874985E-02  0.600858271    
   1.51999092       7.92812482E-02  0.601189613    
   1.59999096       7.78125003E-02  0.602856755    
   1.67999101       7.70312548E-02  0.600336075    
   1.75999105       8.13124999E-02  0.599251568    
   1.83999109       7.98125044E-02  0.602626264    
   1.91999114       7.83437565E-02  0.602015018    
   1.99999118       8.08125064E-02  0.598897696    
   2.07999110       7.82187507E-02  0.606767118    
   2.15999103       7.82187507E-02  0.599037528    
   2.23999095       7.60312527E-02  0.604195178    
   2.31999087       7.56562501E-02  0.605059147    
   2.39999080       7.83125013E-02  0.604158223    
   2.47999072       8.19374993E-02  0.598625243    
   2.55999064       7.90000036E-02  0.604178667    
   2.63999057       7.99687505E-02  0.610845745    
   2.71999049       7.81250000E-02  0.609714091    
   2.79999042       7.75000006E-02  0.608839273    
   2.87999034       7.59687498E-02  0.612370551    
   2.95999026       7.74062499E-02  0.617438614    
   3.03999019       7.62812495E-02  0.611389816    
   3.11999011       7.80312568E-02  0.613956273    
   3.19999003       7.91250020E-02  0.610678256    
   3.27998996       7.94375017E-02  0.613136232    
   3.35998988       7.72500038E-02  0.618517339    
   3.43998981       7.76249990E-02  0.622480273    
   3.51998973       7.65312538E-02  0.614926040    
   3.59998965       7.49375001E-02  0.616408587    
   3.67998958       7.91562498E-02  0.624196172    
   3.75998950       7.55000040E-02  0.622532904    
   3.83998942       7.63125047E-02  0.627159059    
   3.91998935       7.35625029E-02  0.630156279    
   3.99998927       7.69999996E-02  0.630440474    
   4.07998943       7.36250058E-02  0.627522349    
   4.15998936       7.54062533E-02  0.633198261    
   4.23998928       7.52187520E-02  0.637913108    
   4.31998920       7.69687518E-02  0.650503576    
   4.39998913       7.46875033E-02  0.647186995    
   4.47998905       7.30937570E-02  0.656132221    
   4.55998898       7.01562539E-02  0.656084597    
   4.63998890       7.28124976E-02  0.666358948    
   4.71998882       7.55312517E-02  0.670674562    
   4.79998875       7.24687502E-02  0.678296447    
   4.87998867       7.14999959E-02  0.685070395    
   4.95998859       7.34374970E-02  0.688673258    
   5.03998852       6.91874996E-02  0.692072570    
   5.11998844       7.10625052E-02  0.702032328    
   5.19998837       6.90000057E-02  0.707348228    
   5.27998829       6.90625012E-02  0.705701292    
   5.35998821       6.82187527E-02  0.710151732    
   5.43998814       7.21874982E-02  0.717893481    
   5.51998806       7.29687512E-02  0.726272345    
   5.59998798       7.23437518E-02  0.729898930    
   5.67998791       7.28750005E-02  0.721642137    
   5.75998783       7.28750005E-02  0.736025810    
   5.83998775       7.51250014E-02  0.735614121    
   5.91998768       7.46562481E-02  0.747756839    
   5.99998760       7.66562521E-02  0.749036491    
   6.07998753       7.90937543E-02  0.741796911    
   6.15998745       7.49375001E-02  0.741066933    
   6.23998737       6.07187524E-02  0.694649041    
   6.31998730       4.67812493E-02  0.642178297    
   6.39998722       3.86250019E-02  0.587144554    
   6.47998714       3.33124995E-02  0.549866080    
   6.55998707       2.51250006E-02  0.523261368    
   6.63998699       1.98125001E-02  0.499498010    
   6.71998692       1.65624991E-02  0.473550975    
   6.79998684       1.34687498E-02  0.449989587    
   6.87998676       1.16562499E-02  0.443855971    
   6.95998669       8.00000038E-03  0.418618023    
   7.03998661       5.03125042E-03  0.413769543    
   7.11998653       2.81250011E-03  0.381458074    
   7.19998646       1.93750008E-03  0.358429760    
   7.27998638       1.18750008E-03  0.345379084    
   7.35998631       3.75000032E-04  0.325873703    
   7.43998623       1.87500016E-04  0.309887379    
   7.51998615       1.25000020E-04  0.266711622    
   7.59998608       3.12499978E-05  0.255265594    
   7.67998600       1.34167402E-14  0.605387568    
   7.75998592       1.33078558E-14  0.596859097    
   7.83998585       1.33455453E-14  0.598308504    
   7.91998577       1.25163890E-14  0.590963066    
   7.99998569       1.21948341E-14  0.589220762    
   8.07998562       1.17846796E-14  0.593286037    
   8.15998554       1.22322213E-14  0.589223027    
   8.23998547       1.14237377E-14  0.577876091    
   8.31998539       1.01713936E-14  0.556517541    
   8.39998531       1.07293918E-14  0.561100543    
   8.47998524       9.86352926E-15  0.556911707    
   8.55998516       9.94595573E-15  0.544770122    
   8.63998508       9.48277694E-15  0.534587860    
   8.71998501       9.43076065E-15  0.537568092    
   8.79998493       9.08904215E-15  0.514408410    
   8.87998486       9.14800326E-15  0.525332928    
   8.95998478       8.84230653E-15  0.525332332    
   9.03998470       8.74914138E-15  0.517752349    
   9.11998463       8.40509608E-15  0.511445820    
   9.19998455       8.05817933E-15  0.506599784    
   9.27998447       7.95044183E-15  0.481828511    
   9.35998440       7.84088320E-15  0.495144516    
   9.43998432       7.79103869E-15  0.493670493    
   9.51998425       7.34088558E-15  0.477039844    
   9.59998417       7.59560956E-15  0.491548568    
   9.67998409       7.22879601E-15  0.464862823    
   9.75998402       7.15224964E-15  0.467385858    
   9.83998394       7.35766360E-15  0.472651780    
   9.91998386       6.73217636E-15  0.455971837    
   9.99998379       6.98492294E-15  0.457868576    
   10.0799837       6.68413350E-15  0.447290212    
   10.1599836       6.65785388E-15  0.443444580    
   10.2399836       6.32575343E-15  0.428587914    
   10.3199835       6.51754202E-15  0.433073223    
   10.3999834       6.32804678E-15  0.429359049    
   10.4799833       6.16327727E-15  0.421770453    
   10.5599833       6.10725578E-15  0.418093532    
   10.6399832       6.01973314E-15  0.417967379    
   10.7199831       5.92145656E-15  0.403698295    
   10.7999830       6.08197142E-15  0.397468895    
   10.8799829       5.80026478E-15  0.394692719    
   10.9599829       5.82246340E-15  0.390375942    
   11.0399828       5.75114915E-15  0.385000795    
   11.1199827       5.71785483E-15  0.378497124    
   11.1999826       5.62271778E-15  0.376988262    
   11.2799826       5.51336456E-15  0.360901058    
   11.3599825       5.28763917E-15  0.361695051    
   11.4399824       5.31559422E-15  0.355195582    
   11.5199823       5.16279837E-15  0.341326356    
   11.5999823       5.14232474E-15  0.338201553    
   11.6799822       5.06664997E-15  0.336458534    
   11.7599821       5.07741279E-15  0.340067208    
   11.8399820       4.94813397E-15  0.323235512    
   11.9199820       4.84185801E-15  0.324407697    
