n_up, n_dn:   10  10
Site_energies:  -1.00000000       0.00000000       0.00000000      -1.00000000       0.00000000       0.00000000      -1.00000000       0.00000000       0.00000000      -1.00000000       0.00000000       0.00000000    
Energy:   -8.00000000    
 Eigenvector:
 0.771136884E-02
-0.536230372E-02
-0.155068850E-01
 0.842354782E-01
 0.205299267E-01
 0.195841581E-01
 0.491444351E-01
-0.544165794E-01
 0.155068850E-01
 0.491444351E-01
-0.803088099E-01
-0.536230372E-02
 0.491444351E-01
 0.195841581E-01
 0.544165794E-01
 0.842354782E-01
-0.155068850E-01
-0.205299267E-01
-0.491444351E-01
-0.155068850E-01
-0.803088099E-01
 0.267550577E-01
-0.267550577E-01
 0.305399695E-01
 0.267550577E-01
-0.267550577E-01
 0.305399695E-01
-0.267550577E-01
-0.267550577E-01
-0.471655976E-13
-0.854775310E-02
-0.862827267E-03
 0.407727314E-02
-0.126250262E-01
 0.158233024E-01
-0.169041055E-13
-0.126250262E-01
-0.100689280E-01
-0.359611584E-01
 0.447047996E-02
 0.407727314E-02
-0.526472881E-01
-0.854775310E-02
 0.407727314E-02
 0.100689280E-01
 0.526472881E-01
-0.158233024E-01
-0.530588609E-01
-0.862827267E-03
-0.158233024E-01
-0.835988304E-01
-0.854775310E-02
-0.359611584E-01
 0.407727314E-02
-0.854775310E-02
-0.100689280E-01
-0.862827267E-03
-0.126250262E-01
-0.116210558E-14
 0.100689280E-01
 0.158233024E-01
 0.862827267E-03
-0.835988304E-01
 0.126250262E-01
 0.100689280E-01
 0.100689280E-01
-0.536230372E-02
-0.166999144E-01
 0.111967556E-01
 0.126130955E-01
-0.134562803E-01
-0.141419622E-01
 0.379518133E-01
-0.170836892E-01
-0.111967556E-01
 0.379518133E-01
-0.203273234E-01
-0.166999144E-01
 0.379518133E-01
-0.141419622E-01
 0.170836892E-01
 0.126130955E-01
 0.111967556E-01
 0.134562803E-01
-0.379518133E-01
 0.111967556E-01
-0.203273234E-01
-0.797355195E-02
 0.797355195E-02
 0.257469050E-01
-0.797355195E-02
 0.797355195E-02
 0.257469050E-01
 0.797355195E-02
 0.797355195E-02
-0.800319296E-14
 0.476870388E-02
 0.112171861E-01
-0.294520666E-02
 0.771391053E-02
 0.410420268E-02
 0.116376419E-14
 0.771391053E-02
 0.860568529E-03
-0.238306562E-02
-0.182349722E-02
-0.294520666E-02
 0.472991780E-02
 0.476870388E-02
-0.294520666E-02
-0.860568529E-03
-0.472991780E-02
-0.410420268E-02
 0.467015539E-02
 0.112171861E-01
-0.410420268E-02
-0.210767496E-01
 0.476870388E-02
-0.238306562E-02
-0.294520666E-02
 0.476870388E-02
 0.860568528E-03
 0.112171861E-01
 0.771391053E-02
-0.673959827E-14
-0.860568529E-03
 0.410420268E-02
-0.112171861E-01
-0.210767496E-01
-0.771391053E-02
-0.860568529E-03
-0.860568529E-03
-0.155068850E-01
 0.111967556E-01
 0.143600115E-01
-0.915363431E-02
 0.238991669E-02
-0.995643603E-02
 0.151628133E-01
-0.262047799E-01
-0.143600115E-01
 0.151628133E-01
-0.173979411E-01
 0.111967556E-01
 0.151628133E-01
-0.995643603E-02
 0.262047799E-01
-0.915363431E-02
 0.143600115E-01
-0.238991669E-02
-0.151628133E-01
 0.143600115E-01
-0.173979411E-01
-0.370946311E-02
 0.370946311E-02
 0.101828264E-01
-0.370946311E-02
 0.370946311E-02
 0.101828264E-01
 0.370946311E-02
 0.370946311E-02
 0.774196470E-14
-0.303560624E-02
-0.509737576E-02
 0.440357550E-02
-0.743918175E-02
-0.122625389E-01
-0.453008639E-14
-0.743918175E-02
-0.345569999E-02
 0.535113888E-02
-0.136796926E-02
 0.440357550E-02
 0.125163020E-01
-0.303560624E-02
 0.440357550E-02
 0.345569999E-02
-0.125163020E-01
 0.122625389E-01
 0.160821180E-01
-0.509737576E-02
 0.122625389E-01
 0.589929162E-02
-0.303560624E-02
 0.535113888E-02
 0.440357550E-02
-0.303560624E-02
-0.345569999E-02
-0.509737576E-02
-0.743918175E-02
-0.448835500E-14
 0.345569999E-02
-0.122625389E-01
 0.509737576E-02
 0.589929162E-02
 0.743918175E-02
 0.345569999E-02
 0.345569999E-02
 0.842354782E-01
 0.126130955E-01
-0.915363431E-02
-0.895796236E-03
 0.175283167E-01
-0.864074762E-02
-0.140868293E-02
 0.431105323E-01
 0.915363431E-02
-0.140868293E-02
 0.381953111E-01
 0.126130955E-01
-0.140868293E-02
-0.864074762E-02
-0.431105323E-01
-0.895796236E-03
-0.915363431E-02
-0.175283167E-01
 0.140868293E-02
-0.915363431E-02
 0.381953111E-01
-0.105924077E-02
 0.105924077E-02
-0.134870593E-02
-0.105924077E-02
 0.105924077E-02
-0.134870593E-02
 0.105924077E-02
 0.105924077E-02
-0.443496673E-13
 0.107642180E-01
 0.597446197E-02
-0.177943819E-01
 0.285585999E-01
 0.122840435E-01
 0.824951233E-14
 0.285585999E-01
 0.736882235E-02
 0.245360114E-02
 0.703016394E-02
-0.177943819E-01
-0.385598044E-02
 0.107642180E-01
-0.177943819E-01
-0.736882235E-02
 0.385598044E-02
-0.122840435E-01
 0.143610925E-01
 0.597446197E-02
-0.122840435E-01
 0.157097984E-01
 0.107642180E-01
 0.245360114E-02
-0.177943819E-01
 0.107642180E-01
 0.736882235E-02
 0.597446197E-02
 0.285585999E-01
 0.526263028E-14
-0.736882235E-02
 0.122840435E-01
-0.597446197E-02
 0.157097984E-01
-0.285585999E-01
-0.736882235E-02
-0.736882235E-02
 0.205299267E-01
-0.134562803E-01
 0.238991669E-02
 0.175283167E-01
-0.237207255E-02
-0.714937383E-02
 0.270676072E-01
-0.943647233E-02
-0.238991669E-02
 0.270676072E-01
-0.205206800E-01
-0.134562803E-01
 0.270676072E-01
-0.714937383E-02
 0.943647233E-02
 0.175283167E-01
 0.238991669E-02
 0.237207255E-02
-0.270676072E-01
 0.238991669E-02
-0.205206800E-01
-0.103435969E-02
 0.103435969E-02
 0.192643222E-01
-0.103435969E-02
 0.103435969E-02
 0.192643222E-01
 0.103435969E-02
 0.103435969E-02
 0.128953920E-12
 0.623323086E-03
 0.121185674E-01
-0.475945715E-02
 0.538278023E-02
 0.176507112E-01
 0.100668500E-13
 0.538278023E-02
 0.656650352E-02
-0.451770419E-02
 0.413613406E-02
-0.475945715E-02
-0.100498480E-01
 0.623323086E-03
-0.475945715E-02
-0.656650352E-02
 0.100498480E-01
-0.176507112E-01
-0.182776320E-01
 0.121185674E-01
-0.176507112E-01
-0.375419543E-01
 0.623323086E-03
-0.451770419E-02
-0.475945715E-02
 0.623323086E-03
 0.656650351E-02
 0.121185674E-01
 0.538278024E-02
 0.407768506E-13
-0.656650351E-02
 0.176507112E-01
-0.121185674E-01
-0.375419543E-01
-0.538278023E-02
-0.656650352E-02
-0.656650351E-02
 0.195841581E-01
-0.141419622E-01
-0.995643603E-02
-0.864074762E-02
-0.714937383E-02
-0.536627620E-02
-0.132309075E-01
 0.351189714E-01
 0.995643603E-02
-0.132309075E-01
 0.281263831E-01
-0.141419622E-01
-0.132309075E-01
-0.536627620E-02
-0.351189714E-01
-0.864074762E-02
-0.995643603E-02
 0.714937383E-02
 0.132309075E-01
-0.995643603E-02
 0.281263831E-01
-0.764256455E-03
 0.764256455E-03
 0.369555811E-02
-0.764256455E-03
 0.764256455E-03
 0.369555811E-02
 0.764256455E-03
 0.764256455E-03
-0.315154000E-14
-0.164264127E-01
 0.775684484E-02
-0.153227122E-01
-0.110370044E-02
 0.142653304E-01
 0.357386764E-16
-0.110370044E-02
 0.727274201E-02
 0.280153626E-03
 0.317491249E-01
-0.153227122E-01
-0.622833193E-02
-0.164264127E-01
-0.153227122E-01
-0.727274201E-02
 0.622833193E-02
-0.142653304E-01
 0.920813646E-02
 0.775684484E-02
-0.142653304E-01
 0.551257835E-02
-0.164264127E-01
 0.280153626E-03
-0.153227122E-01
-0.164264127E-01
 0.727274201E-02
 0.775684484E-02
-0.110370044E-02
-0.360126644E-14
-0.727274201E-02
 0.142653304E-01
-0.775684484E-02
 0.551257835E-02
 0.110370044E-02
-0.727274201E-02
-0.727274201E-02
 0.491444351E-01
 0.379518133E-01
 0.151628133E-01
-0.140868293E-02
 0.270676072E-01
-0.132309075E-01
 0.269850378E-01
-0.182132191E-01
-0.151628133E-01
 0.269850378E-01
-0.732901306E-02
 0.379518133E-01
 0.269850378E-01
-0.132309075E-01
 0.182132191E-01
-0.140868293E-02
 0.151628133E-01
-0.270676072E-01
-0.269850378E-01
 0.151628133E-01
-0.732901306E-02
-0.400444742E-02
 0.400444742E-02
 0.513856237E-02
-0.400444742E-02
 0.400444742E-02
 0.513856237E-02
 0.400444742E-02
 0.400444742E-02
 0.121482540E-13
 0.241550244E-01
-0.687975863E-02
 0.193190580E-02
 0.222231186E-01
-0.142438257E-01
-0.144569497E-14
 0.222231186E-01
-0.335961965E-02
 0.752458640E-02
-0.260869302E-01
 0.193190580E-02
 0.148886535E-01
 0.241550244E-01
 0.193190580E-02
 0.335961965E-02
-0.148886535E-01
 0.142438257E-01
 0.212350740E-01
-0.687975863E-02
 0.142438257E-01
 0.160965117E-01
 0.241550244E-01
 0.752458640E-02
 0.193190580E-02
 0.241550244E-01
-0.335961965E-02
-0.687975863E-02
 0.222231186E-01
-0.393037152E-14
 0.335961965E-02
-0.142438257E-01
 0.687975863E-02
 0.160965117E-01
-0.222231186E-01
 0.335961965E-02
 0.335961965E-02
-0.544165794E-01
-0.170836892E-01
-0.262047799E-01
 0.431105323E-01
-0.943647233E-02
 0.351189714E-01
-0.182132191E-01
-0.554309335E-01
 0.262047799E-01
-0.182132191E-01
-0.630781504E-01
-0.170836892E-01
-0.182132191E-01
 0.351189714E-01
 0.554309335E-01
 0.431105323E-01
-0.262047799E-01
 0.943647233E-02
 0.182132191E-01
-0.262047799E-01
-0.630781504E-01
 0.607862373E-02
-0.607862373E-02
 0.145941668E-01
 0.607862373E-02
-0.607862373E-02
 0.145941668E-01
-0.607862373E-02
-0.607862373E-02
-0.960033853E-14
-0.232258436E-03
 0.156859319E-02
 0.891419151E-02
-0.914644994E-02
-0.911650665E-02
 0.301313588E-15
-0.914644994E-02
-0.167637236E-01
-0.244109405E-01
-0.868193307E-02
 0.891419151E-02
-0.137258406E-01
-0.232258436E-03
 0.891419151E-02
 0.167637236E-01
 0.137258406E-01
 0.911650665E-02
-0.386119344E-01
 0.156859319E-02
 0.911650665E-02
-0.532061012E-01
-0.232258437E-03
-0.244109405E-01
 0.891419151E-02
-0.232258437E-03
-0.167637236E-01
 0.156859319E-02
-0.914644994E-02
-0.562495785E-14
 0.167637236E-01
-0.911650665E-02
-0.156859319E-02
-0.532061012E-01
 0.914644994E-02
 0.167637236E-01
 0.167637236E-01
 0.155068850E-01
-0.111967556E-01
-0.143600115E-01
 0.915363431E-02
-0.238991669E-02
 0.995643603E-02
-0.151628133E-01
 0.262047799E-01
 0.143600115E-01
-0.151628133E-01
 0.173979411E-01
-0.111967556E-01
-0.151628133E-01
 0.995643603E-02
-0.262047799E-01
 0.915363431E-02
-0.143600115E-01
 0.238991669E-02
 0.151628133E-01
-0.143600115E-01
 0.173979411E-01
 0.370946311E-02
-0.370946311E-02
-0.101828264E-01
 0.370946311E-02
-0.370946311E-02
-0.101828264E-01
-0.370946311E-02
-0.370946311E-02
-0.129469637E-12
 0.303560624E-02
 0.509737576E-02
-0.440357550E-02
 0.743918175E-02
 0.122625389E-01
 0.207651137E-13
 0.743918175E-02
 0.345569999E-02
-0.535113888E-02
 0.136796926E-02
-0.440357550E-02
-0.125163020E-01
 0.303560624E-02
-0.440357550E-02
-0.345569999E-02
 0.125163020E-01
-0.122625389E-01
-0.160821180E-01
 0.509737576E-02
-0.122625389E-01
-0.589929162E-02
 0.303560624E-02
-0.535113888E-02
-0.440357550E-02
 0.303560624E-02
 0.345569999E-02
 0.509737576E-02
 0.743918175E-02
 0.149649819E-13
-0.345569999E-02
 0.122625389E-01
-0.509737576E-02
-0.589929162E-02
-0.743918175E-02
-0.345569999E-02
-0.345569999E-02
 0.491444351E-01
 0.379518133E-01
 0.151628133E-01
-0.140868293E-02
 0.270676072E-01
-0.132309075E-01
 0.269850378E-01
-0.182132191E-01
-0.151628133E-01
 0.269850378E-01
-0.732901306E-02
 0.379518133E-01
 0.269850378E-01
-0.132309075E-01
 0.182132191E-01
-0.140868293E-02
 0.151628133E-01
-0.270676072E-01
-0.269850378E-01
 0.151628133E-01
-0.732901306E-02
-0.400444742E-02
 0.400444742E-02
 0.513856237E-02
-0.400444742E-02
 0.400444742E-02
 0.513856237E-02
 0.400444742E-02
 0.400444742E-02
 0.893036921E-14
 0.241550244E-01
-0.687975863E-02
 0.193190580E-02
 0.222231186E-01
-0.142438257E-01
-0.433619384E-14
 0.222231186E-01
-0.335961965E-02
 0.752458640E-02
-0.260869302E-01
 0.193190580E-02
 0.148886535E-01
 0.241550244E-01
 0.193190580E-02
 0.335961965E-02
-0.148886535E-01
 0.142438257E-01
 0.212350740E-01
-0.687975863E-02
 0.142438257E-01
 0.160965117E-01
 0.241550244E-01
 0.752458640E-02
 0.193190580E-02
 0.241550244E-01
-0.335961965E-02
-0.687975863E-02
 0.222231186E-01
 0.627793420E-15
 0.335961965E-02
-0.142438257E-01
 0.687975863E-02
 0.160965117E-01
-0.222231186E-01
 0.335961965E-02
 0.335961965E-02
-0.803088099E-01
-0.203273234E-01
-0.173979411E-01
 0.381953111E-01
-0.205206800E-01
 0.281263831E-01
-0.732901306E-02
-0.630781504E-01
 0.173979411E-01
-0.732901306E-02
-0.628847937E-01
-0.203273234E-01
-0.732901306E-02
 0.281263831E-01
 0.630781504E-01
 0.381953111E-01
-0.173979411E-01
 0.205206800E-01
 0.732901306E-02
-0.173979411E-01
-0.628847937E-01
-0.860568529E-03
 0.860568529E-03
 0.210767496E-01
-0.860568529E-03
 0.860568529E-03
 0.210767496E-01
 0.860568529E-03
 0.860568529E-03
-0.433899116E-13
 0.391312235E-02
 0.667211892E-03
 0.107284420E-01
-0.681531964E-02
-0.226630152E-01
 0.100511971E-13
-0.681531964E-02
-0.224696586E-01
-0.222763019E-01
-0.146415644E-01
 0.107284420E-01
 0.105392517E-02
 0.391312235E-02
 0.107284420E-01
 0.224696586E-01
-0.105392516E-02
 0.226630152E-01
-0.156641469E-01
 0.667211892E-03
 0.226630152E-01
-0.367408965E-01
 0.391312235E-02
-0.222763019E-01
 0.107284420E-01
 0.391312235E-02
-0.224696586E-01
 0.667211892E-03
-0.681531964E-02
 0.220719274E-14
 0.224696586E-01
-0.226630152E-01
-0.667211892E-03
-0.367408965E-01
 0.681531964E-02
 0.224696586E-01
 0.224696586E-01
-0.536230372E-02
-0.166999144E-01
 0.111967556E-01
 0.126130955E-01
-0.134562803E-01
-0.141419622E-01
 0.379518133E-01
-0.170836892E-01
-0.111967556E-01
 0.379518133E-01
-0.203273234E-01
-0.166999144E-01
 0.379518133E-01
-0.141419622E-01
 0.170836892E-01
 0.126130955E-01
 0.111967556E-01
 0.134562803E-01
-0.379518133E-01
 0.111967556E-01
-0.203273234E-01
-0.797355195E-02
 0.797355195E-02
 0.257469050E-01
-0.797355195E-02
 0.797355195E-02
 0.257469050E-01
 0.797355195E-02
 0.797355195E-02
-0.360469457E-13
 0.476870388E-02
 0.112171861E-01
-0.294520666E-02
 0.771391053E-02
 0.410420268E-02
-0.117128661E-13
 0.771391053E-02
 0.860568529E-03
-0.238306562E-02
-0.182349722E-02
-0.294520666E-02
 0.472991780E-02
 0.476870388E-02
-0.294520666E-02
-0.860568528E-03
-0.472991780E-02
-0.410420268E-02
 0.467015539E-02
 0.112171861E-01
-0.410420268E-02
-0.210767496E-01
 0.476870388E-02
-0.238306562E-02
-0.294520666E-02
 0.476870388E-02
 0.860568528E-03
 0.112171861E-01
 0.771391053E-02
-0.142207427E-13
-0.860568528E-03
 0.410420268E-02
-0.112171861E-01
-0.210767496E-01
-0.771391053E-02
-0.860568529E-03
-0.860568528E-03
 0.491444351E-01
 0.379518133E-01
 0.151628133E-01
-0.140868293E-02
 0.270676072E-01
-0.132309075E-01
 0.269850378E-01
-0.182132191E-01
-0.151628133E-01
 0.269850378E-01
-0.732901306E-02
 0.379518133E-01
 0.269850378E-01
-0.132309075E-01
 0.182132191E-01
-0.140868293E-02
 0.151628133E-01
-0.270676072E-01
-0.269850378E-01
 0.151628133E-01
-0.732901306E-02
-0.400444742E-02
 0.400444742E-02
 0.513856237E-02
-0.400444742E-02
 0.400444742E-02
 0.513856237E-02
 0.400444742E-02
 0.400444742E-02
-0.648610158E-14
 0.241550244E-01
-0.687975863E-02
 0.193190580E-02
 0.222231186E-01
-0.142438257E-01
-0.140222341E-14
 0.222231186E-01
-0.335961965E-02
 0.752458640E-02
-0.260869302E-01
 0.193190580E-02
 0.148886535E-01
 0.241550244E-01
 0.193190580E-02
 0.335961965E-02
-0.148886535E-01
 0.142438257E-01
 0.212350740E-01
-0.687975863E-02
 0.142438257E-01
 0.160965117E-01
 0.241550244E-01
 0.752458640E-02
 0.193190580E-02
 0.241550244E-01
-0.335961965E-02
-0.687975863E-02
 0.222231186E-01
-0.834859713E-14
 0.335961965E-02
-0.142438257E-01
 0.687975863E-02
 0.160965117E-01
-0.222231186E-01
 0.335961965E-02
 0.335961965E-02
 0.195841581E-01
-0.141419622E-01
-0.995643603E-02
-0.864074762E-02
-0.714937383E-02
-0.536627620E-02
-0.132309075E-01
 0.351189714E-01
 0.995643603E-02
-0.132309075E-01
 0.281263831E-01
-0.141419622E-01
-0.132309075E-01
-0.536627620E-02
-0.351189714E-01
-0.864074762E-02
-0.995643603E-02
 0.714937383E-02
 0.132309075E-01
-0.995643603E-02
 0.281263831E-01
-0.764256455E-03
 0.764256455E-03
 0.369555811E-02
-0.764256455E-03
 0.764256455E-03
 0.369555811E-02
 0.764256455E-03
 0.764256455E-03
 0.314596618E-14
-0.164264127E-01
 0.775684484E-02
-0.153227122E-01
-0.110370044E-02
 0.142653304E-01
-0.591181841E-14
-0.110370044E-02
 0.727274201E-02
 0.280153626E-03
 0.317491249E-01
-0.153227122E-01
-0.622833193E-02
-0.164264127E-01
-0.153227122E-01
-0.727274201E-02
 0.622833193E-02
-0.142653304E-01
 0.920813646E-02
 0.775684484E-02
-0.142653304E-01
 0.551257835E-02
-0.164264127E-01
 0.280153626E-03
-0.153227122E-01
-0.164264127E-01
 0.727274201E-02
 0.775684484E-02
-0.110370044E-02
-0.677117726E-15
-0.727274201E-02
 0.142653304E-01
-0.775684484E-02
 0.551257835E-02
 0.110370044E-02
-0.727274201E-02
-0.727274201E-02
 0.544165794E-01
 0.170836892E-01
 0.262047799E-01
-0.431105323E-01
 0.943647233E-02
-0.351189714E-01
 0.182132191E-01
 0.554309335E-01
-0.262047799E-01
 0.182132191E-01
 0.630781504E-01
 0.170836892E-01
 0.182132191E-01
-0.351189714E-01
-0.554309335E-01
-0.431105323E-01
 0.262047799E-01
-0.943647233E-02
-0.182132191E-01
 0.262047799E-01
 0.630781504E-01
-0.607862373E-02
 0.607862373E-02
-0.145941668E-01
-0.607862373E-02
 0.607862373E-02
-0.145941668E-01
 0.607862373E-02
 0.607862373E-02
 0.194836087E-14
 0.232258437E-03
-0.156859319E-02
-0.891419151E-02
 0.914644994E-02
 0.911650665E-02
-0.675965055E-14
 0.914644994E-02
 0.167637236E-01
 0.244109405E-01
 0.868193307E-02
-0.891419151E-02
 0.137258406E-01
 0.232258436E-03
-0.891419151E-02
-0.167637236E-01
-0.137258406E-01
-0.911650665E-02
 0.386119344E-01
-0.156859319E-02
-0.911650665E-02
 0.532061012E-01
 0.232258437E-03
 0.244109405E-01
-0.891419151E-02
 0.232258437E-03
 0.167637236E-01
-0.156859319E-02
 0.914644994E-02
 0.596698812E-14
-0.167637236E-01
 0.911650665E-02
 0.156859319E-02
 0.532061012E-01
-0.914644994E-02
-0.167637236E-01
-0.167637236E-01
 0.842354782E-01
 0.126130955E-01
-0.915363431E-02
-0.895796236E-03
 0.175283167E-01
-0.864074762E-02
-0.140868293E-02
 0.431105323E-01
 0.915363431E-02
-0.140868293E-02
 0.381953111E-01
 0.126130955E-01
-0.140868293E-02
-0.864074762E-02
-0.431105323E-01
-0.895796236E-03
-0.915363431E-02
-0.175283167E-01
 0.140868293E-02
-0.915363431E-02
 0.381953111E-01
-0.105924077E-02
 0.105924077E-02
-0.134870593E-02
-0.105924077E-02
 0.105924077E-02
-0.134870593E-02
 0.105924077E-02
 0.105924077E-02
-0.209446335E-13
 0.107642180E-01
 0.597446197E-02
-0.177943819E-01
 0.285585999E-01
 0.122840435E-01
 0.326567981E-14
 0.285585999E-01
 0.736882235E-02
 0.245360114E-02
 0.703016394E-02
-0.177943819E-01
-0.385598044E-02
 0.107642180E-01
-0.177943819E-01
-0.736882235E-02
 0.385598044E-02
-0.122840435E-01
 0.143610925E-01
 0.597446197E-02
-0.122840435E-01
 0.157097984E-01
 0.107642180E-01
 0.245360114E-02
-0.177943819E-01
 0.107642180E-01
 0.736882235E-02
 0.597446197E-02
 0.285585999E-01
-0.993430587E-14
-0.736882235E-02
 0.122840435E-01
-0.597446197E-02
 0.157097984E-01
-0.285585999E-01
-0.736882235E-02
-0.736882235E-02
-0.155068850E-01
 0.111967556E-01
 0.143600115E-01
-0.915363431E-02
 0.238991669E-02
-0.995643603E-02
 0.151628133E-01
-0.262047799E-01
-0.143600115E-01
 0.151628133E-01
-0.173979411E-01
 0.111967556E-01
 0.151628133E-01
-0.995643603E-02
 0.262047799E-01
-0.915363431E-02
 0.143600115E-01
-0.238991669E-02
-0.151628133E-01
 0.143600115E-01
-0.173979411E-01
-0.370946311E-02
 0.370946311E-02
 0.101828264E-01
-0.370946311E-02
 0.370946311E-02
 0.101828264E-01
 0.370946311E-02
 0.370946311E-02
-0.196349601E-13
-0.303560624E-02
-0.509737576E-02
 0.440357550E-02
-0.743918174E-02
-0.122625389E-01
 0.284464456E-13
-0.743918175E-02
-0.345569999E-02
 0.535113888E-02
-0.136796926E-02
 0.440357550E-02
 0.125163020E-01
-0.303560624E-02
 0.440357550E-02
 0.345569999E-02
-0.125163020E-01
 0.122625389E-01
 0.160821180E-01
-0.509737576E-02
 0.122625389E-01
 0.589929162E-02
-0.303560624E-02
 0.535113888E-02
 0.440357550E-02
-0.303560624E-02
-0.345569999E-02
-0.509737576E-02
-0.743918174E-02
-0.121738961E-13
 0.345569999E-02
-0.122625389E-01
 0.509737576E-02
 0.589929162E-02
 0.743918175E-02
 0.345569999E-02
 0.345569999E-02
-0.205299267E-01
 0.134562803E-01
-0.238991669E-02
-0.175283167E-01
 0.237207255E-02
 0.714937383E-02
-0.270676072E-01
 0.943647233E-02
 0.238991669E-02
-0.270676072E-01
 0.205206800E-01
 0.134562803E-01
-0.270676072E-01
 0.714937383E-02
-0.943647233E-02
-0.175283167E-01
-0.238991669E-02
-0.237207255E-02
 0.270676072E-01
-0.238991669E-02
 0.205206800E-01
 0.103435969E-02
-0.103435969E-02
-0.192643222E-01
 0.103435969E-02
-0.103435969E-02
-0.192643222E-01
-0.103435969E-02
-0.103435969E-02
-0.106959123E-12
-0.623323086E-03
-0.121185674E-01
 0.475945715E-02
-0.538278023E-02
-0.176507112E-01
-0.388842955E-13
-0.538278023E-02
-0.656650351E-02
 0.451770419E-02
-0.413613406E-02
 0.475945715E-02
 0.100498480E-01
-0.623323086E-03
 0.475945715E-02
 0.656650351E-02
-0.100498480E-01
 0.176507112E-01
 0.182776320E-01
-0.121185674E-01
 0.176507112E-01
 0.375419543E-01
-0.623323086E-03
 0.451770419E-02
 0.475945715E-02
-0.623323086E-03
-0.656650351E-02
-0.121185674E-01
-0.538278024E-02
-0.528989575E-14
 0.656650351E-02
-0.176507112E-01
 0.121185674E-01
 0.375419543E-01
 0.538278024E-02
 0.656650351E-02
 0.656650351E-02
-0.491444351E-01
-0.379518133E-01
-0.151628133E-01
 0.140868293E-02
-0.270676072E-01
 0.132309075E-01
-0.269850378E-01
 0.182132191E-01
 0.151628133E-01
-0.269850378E-01
 0.732901306E-02
-0.379518133E-01
-0.269850378E-01
 0.132309075E-01
-0.182132191E-01
 0.140868293E-02
-0.151628133E-01
 0.270676072E-01
 0.269850378E-01
-0.151628133E-01
 0.732901306E-02
 0.400444742E-02
-0.400444742E-02
-0.513856237E-02
 0.400444742E-02
-0.400444742E-02
-0.513856237E-02
-0.400444742E-02
-0.400444742E-02
 0.982712169E-14
-0.241550244E-01
 0.687975863E-02
-0.193190580E-02
-0.222231186E-01
 0.142438257E-01
-0.250569178E-14
-0.222231186E-01
 0.335961965E-02
-0.752458640E-02
 0.260869302E-01
-0.193190580E-02
-0.148886535E-01
-0.241550244E-01
-0.193190580E-02
-0.335961965E-02
 0.148886535E-01
-0.142438257E-01
-0.212350740E-01
 0.687975863E-02
-0.142438257E-01
-0.160965117E-01
-0.241550244E-01
-0.752458640E-02
-0.193190580E-02
-0.241550244E-01
 0.335961965E-02
 0.687975863E-02
-0.222231186E-01
 0.403616610E-14
-0.335961965E-02
 0.142438257E-01
-0.687975863E-02
-0.160965117E-01
 0.222231186E-01
-0.335961965E-02
-0.335961965E-02
-0.155068850E-01
 0.111967556E-01
 0.143600115E-01
-0.915363431E-02
 0.238991669E-02
-0.995643603E-02
 0.151628133E-01
-0.262047799E-01
-0.143600115E-01
 0.151628133E-01
-0.173979411E-01
 0.111967556E-01
 0.151628133E-01
-0.995643603E-02
 0.262047799E-01
-0.915363431E-02
 0.143600115E-01
-0.238991669E-02
-0.151628133E-01
 0.143600115E-01
-0.173979411E-01
-0.370946311E-02
 0.370946311E-02
 0.101828264E-01
-0.370946311E-02
 0.370946311E-02
 0.101828264E-01
 0.370946311E-02
 0.370946311E-02
 0.108997682E-13
-0.303560624E-02
-0.509737576E-02
 0.440357550E-02
-0.743918175E-02
-0.122625389E-01
 0.651816532E-14
-0.743918175E-02
-0.345569999E-02
 0.535113888E-02
-0.136796926E-02
 0.440357550E-02
 0.125163020E-01
-0.303560624E-02
 0.440357550E-02
 0.345569999E-02
-0.125163020E-01
 0.122625389E-01
 0.160821180E-01
-0.509737576E-02
 0.122625389E-01
 0.589929162E-02
-0.303560624E-02
 0.535113888E-02
 0.440357550E-02
-0.303560624E-02
-0.345569999E-02
-0.509737576E-02
-0.743918175E-02
 0.903065146E-14
 0.345569999E-02
-0.122625389E-01
 0.509737576E-02
 0.589929162E-02
 0.743918175E-02
 0.345569999E-02
 0.345569999E-02
-0.803088099E-01
-0.203273234E-01
-0.173979411E-01
 0.381953111E-01
-0.205206800E-01
 0.281263831E-01
-0.732901306E-02
-0.630781504E-01
 0.173979411E-01
-0.732901306E-02
-0.628847937E-01
-0.203273234E-01
-0.732901306E-02
 0.281263831E-01
 0.630781504E-01
 0.381953111E-01
-0.173979411E-01
 0.205206800E-01
 0.732901306E-02
-0.173979411E-01
-0.628847937E-01
-0.860568529E-03
 0.860568529E-03
 0.210767496E-01
-0.860568529E-03
 0.860568529E-03
 0.210767496E-01
 0.860568528E-03
 0.860568529E-03
-0.254971670E-13
 0.391312235E-02
 0.667211892E-03
 0.107284420E-01
-0.681531964E-02
-0.226630152E-01
 0.257321323E-14
-0.681531964E-02
-0.224696586E-01
-0.222763019E-01
-0.146415644E-01
 0.107284420E-01
 0.105392517E-02
 0.391312235E-02
 0.107284420E-01
 0.224696586E-01
-0.105392517E-02
 0.226630152E-01
-0.156641469E-01
 0.667211892E-03
 0.226630152E-01
-0.367408965E-01
 0.391312235E-02
-0.222763019E-01
 0.107284420E-01
 0.391312235E-02
-0.224696586E-01
 0.667211892E-03
-0.681531964E-02
-0.196921956E-13
 0.224696586E-01
-0.226630152E-01
-0.667211892E-03
-0.367408965E-01
 0.681531964E-02
 0.224696586E-01
 0.224696586E-01
 0.267550577E-01
-0.797355195E-02
-0.370946311E-02
-0.105924077E-02
-0.103435969E-02
-0.764256455E-03
-0.400444742E-02
 0.607862373E-02
 0.370946311E-02
-0.400444742E-02
-0.860568529E-03
-0.797355195E-02
-0.400444742E-02
-0.764256455E-03
-0.607862373E-02
-0.105924077E-02
-0.370946311E-02
 0.103435969E-02
 0.400444742E-02
-0.370946311E-02
-0.860568529E-03
 0.571056237E-02
-0.571056237E-02
-0.818248612E-02
 0.571056237E-02
-0.571056237E-02
-0.818248612E-02
-0.571056237E-02
-0.571056237E-02
 0.549004272E-13
 0.630977589E-02
 0.122862989E-02
-0.447371957E-02
 0.107834955E-01
 0.131391845E-01
-0.354750581E-14
 0.107834955E-01
 0.619999227E-02
-0.739199988E-03
-0.183605632E-02
-0.447371957E-02
-0.126497546E-01
 0.630977589E-02
-0.447371957E-02
-0.619999227E-02
 0.126497546E-01
-0.131391845E-01
-0.842611054E-02
 0.122862989E-02
-0.131391845E-01
-0.243624419E-03
 0.630977589E-02
-0.739199988E-03
-0.447371957E-02
 0.630977589E-02
 0.619999227E-02
 0.122862989E-02
 0.107834955E-01
 0.436792453E-14
-0.619999227E-02
 0.131391845E-01
-0.122862989E-02
-0.243624419E-03
-0.107834955E-01
-0.619999227E-02
-0.619999227E-02
-0.267550577E-01
 0.797355195E-02
 0.370946311E-02
 0.105924077E-02
 0.103435969E-02
 0.764256455E-03
 0.400444742E-02
-0.607862373E-02
-0.370946311E-02
 0.400444742E-02
 0.860568528E-03
 0.797355195E-02
 0.400444742E-02
 0.764256455E-03
 0.607862373E-02
 0.105924077E-02
 0.370946311E-02
-0.103435969E-02
-0.400444742E-02
 0.370946311E-02
 0.860568528E-03
-0.571056237E-02
 0.571056237E-02
 0.818248612E-02
-0.571056237E-02
 0.571056237E-02
 0.818248612E-02
 0.571056237E-02
 0.571056237E-02
-0.496514723E-13
-0.630977589E-02
-0.122862989E-02
 0.447371957E-02
-0.107834955E-01
-0.131391845E-01
 0.119130909E-13
-0.107834955E-01
-0.619999227E-02
 0.739199988E-03
 0.183605632E-02
 0.447371957E-02
 0.126497546E-01
-0.630977589E-02
 0.447371957E-02
 0.619999227E-02
-0.126497546E-01
 0.131391845E-01
 0.842611054E-02
-0.122862989E-02
 0.131391845E-01
 0.243624419E-03
-0.630977589E-02
 0.739199988E-03
 0.447371957E-02
-0.630977589E-02
-0.619999227E-02
-0.122862989E-02
-0.107834955E-01
 0.267591162E-14
 0.619999227E-02
-0.131391845E-01
 0.122862989E-02
 0.243624419E-03
 0.107834955E-01
 0.619999227E-02
 0.619999227E-02
 0.305399695E-01
 0.257469050E-01
 0.101828264E-01
-0.134870593E-02
 0.192643222E-01
 0.369555811E-02
 0.513856237E-02
 0.145941668E-01
-0.101828264E-01
 0.513856237E-02
 0.210767496E-01
 0.257469050E-01
 0.513856237E-02
 0.369555811E-02
-0.145941668E-01
-0.134870593E-02
 0.101828264E-01
-0.192643222E-01
-0.513856237E-02
 0.101828264E-01
 0.210767496E-01
-0.818248612E-02
 0.818248612E-02
 0.103625266E-01
-0.818248612E-02
 0.818248612E-02
 0.103625266E-01
 0.818248612E-02
 0.818248612E-02
-0.810111651E-13
-0.489429897E-03
 0.169990334E-02
 0.138783845E-01
-0.143678144E-01
-0.672620720E-02
 0.258117053E-14
-0.143678144E-01
-0.243624419E-03
 0.623895836E-02
-0.133889546E-01
 0.138783845E-01
 0.146650689E-01
-0.489429897E-03
 0.138783845E-01
 0.243624418E-03
-0.146650689E-01
 0.672620720E-02
 0.295011882E-01
 0.169990334E-02
 0.672620720E-02
 0.191386616E-01
-0.489429897E-03
 0.623895836E-02
 0.138783845E-01
-0.489429897E-03
-0.243624419E-03
 0.169990334E-02
-0.143678144E-01
 0.558034552E-14
 0.243624419E-03
-0.672620720E-02
-0.169990334E-02
 0.191386616E-01
 0.143678144E-01
 0.243624419E-03
 0.243624419E-03
 0.267550577E-01
-0.797355195E-02
-0.370946311E-02
-0.105924077E-02
-0.103435969E-02
-0.764256455E-03
-0.400444742E-02
 0.607862373E-02
 0.370946311E-02
-0.400444742E-02
-0.860568529E-03
-0.797355195E-02
-0.400444742E-02
-0.764256455E-03
-0.607862373E-02
-0.105924077E-02
-0.370946311E-02
 0.103435969E-02
 0.400444742E-02
-0.370946311E-02
-0.860568529E-03
 0.571056237E-02
-0.571056237E-02
-0.818248612E-02
 0.571056237E-02
-0.571056237E-02
-0.818248612E-02
-0.571056237E-02
-0.571056237E-02
 0.865468500E-14
 0.630977589E-02
 0.122862989E-02
-0.447371957E-02
 0.107834955E-01
 0.131391845E-01
-0.112036029E-13
 0.107834955E-01
 0.619999227E-02
-0.739199988E-03
-0.183605632E-02
-0.447371957E-02
-0.126497546E-01
 0.630977589E-02
-0.447371957E-02
-0.619999227E-02
 0.126497546E-01
-0.131391845E-01
-0.842611054E-02
 0.122862989E-02
-0.131391845E-01
-0.243624419E-03
 0.630977589E-02
-0.739199988E-03
-0.447371957E-02
 0.630977589E-02
 0.619999227E-02
 0.122862989E-02
 0.107834955E-01
-0.116916944E-14
-0.619999227E-02
 0.131391845E-01
-0.122862989E-02
-0.243624419E-03
-0.107834955E-01
-0.619999227E-02
-0.619999227E-02
-0.267550577E-01
 0.797355195E-02
 0.370946311E-02
 0.105924077E-02
 0.103435969E-02
 0.764256455E-03
 0.400444742E-02
-0.607862373E-02
-0.370946311E-02
 0.400444742E-02
 0.860568529E-03
 0.797355195E-02
 0.400444742E-02
 0.764256455E-03
 0.607862373E-02
 0.105924077E-02
 0.370946311E-02
-0.103435969E-02
-0.400444742E-02
 0.370946311E-02
 0.860568529E-03
-0.571056237E-02
 0.571056237E-02
 0.818248612E-02
-0.571056237E-02
 0.571056237E-02
 0.818248612E-02
 0.571056237E-02
 0.571056237E-02
-0.148125458E-13
-0.630977589E-02
-0.122862989E-02
 0.447371957E-02
-0.107834955E-01
-0.131391845E-01
-0.253738247E-13
-0.107834955E-01
-0.619999227E-02
 0.739199988E-03
 0.183605632E-02
 0.447371957E-02
 0.126497546E-01
-0.630977589E-02
 0.447371957E-02
 0.619999227E-02
-0.126497546E-01
 0.131391845E-01
 0.842611054E-02
-0.122862989E-02
 0.131391845E-01
 0.243624419E-03
-0.630977589E-02
 0.739199988E-03
 0.447371957E-02
-0.630977589E-02
-0.619999227E-02
-0.122862989E-02
-0.107834955E-01
 0.327897995E-13
 0.619999227E-02
-0.131391845E-01
 0.122862989E-02
 0.243624419E-03
 0.107834955E-01
 0.619999227E-02
 0.619999227E-02
 0.305399695E-01
 0.257469050E-01
 0.101828264E-01
-0.134870593E-02
 0.192643222E-01
 0.369555811E-02
 0.513856237E-02
 0.145941668E-01
-0.101828264E-01
 0.513856237E-02
 0.210767496E-01
 0.257469050E-01
 0.513856237E-02
 0.369555811E-02
-0.145941668E-01
-0.134870593E-02
 0.101828264E-01
-0.192643222E-01
-0.513856237E-02
 0.101828264E-01
 0.210767496E-01
-0.818248612E-02
 0.818248612E-02
 0.103625266E-01
-0.818248612E-02
 0.818248612E-02
 0.103625266E-01
 0.818248612E-02
 0.818248612E-02
-0.182427089E-13
-0.489429897E-03
 0.169990334E-02
 0.138783845E-01
-0.143678144E-01
-0.672620720E-02
-0.228010340E-14
-0.143678144E-01
-0.243624419E-03
 0.623895836E-02
-0.133889546E-01
 0.138783845E-01
 0.146650689E-01
-0.489429897E-03
 0.138783845E-01
 0.243624418E-03
-0.146650689E-01
 0.672620720E-02
 0.295011882E-01
 0.169990334E-02
 0.672620720E-02
 0.191386616E-01
-0.489429897E-03
 0.623895836E-02
 0.138783845E-01
-0.489429897E-03
-0.243624419E-03
 0.169990334E-02
-0.143678144E-01
-0.879768429E-14
 0.243624419E-03
-0.672620720E-02
-0.169990334E-02
 0.191386616E-01
 0.143678144E-01
 0.243624419E-03
 0.243624419E-03
-0.267550577E-01
 0.797355195E-02
 0.370946311E-02
 0.105924077E-02
 0.103435969E-02
 0.764256455E-03
 0.400444742E-02
-0.607862373E-02
-0.370946311E-02
 0.400444742E-02
 0.860568529E-03
 0.797355195E-02
 0.400444742E-02
 0.764256455E-03
 0.607862373E-02
 0.105924077E-02
 0.370946311E-02
-0.103435969E-02
-0.400444742E-02
 0.370946311E-02
 0.860568529E-03
-0.571056237E-02
 0.571056237E-02
 0.818248612E-02
-0.571056237E-02
 0.571056237E-02
 0.818248612E-02
 0.571056237E-02
 0.571056237E-02
-0.530398724E-13
-0.630977589E-02
-0.122862989E-02
 0.447371957E-02
-0.107834955E-01
-0.131391845E-01
-0.128182635E-13
-0.107834955E-01
-0.619999227E-02
 0.739199988E-03
 0.183605632E-02
 0.447371957E-02
 0.126497546E-01
-0.630977589E-02
 0.447371957E-02
 0.619999227E-02
-0.126497546E-01
 0.131391845E-01
 0.842611054E-02
-0.122862989E-02
 0.131391845E-01
 0.243624418E-03
-0.630977589E-02
 0.739199988E-03
 0.447371957E-02
-0.630977589E-02
-0.619999227E-02
-0.122862989E-02
-0.107834955E-01
-0.732761222E-14
 0.619999227E-02
-0.131391845E-01
 0.122862989E-02
 0.243624419E-03
 0.107834955E-01
 0.619999227E-02
 0.619999227E-02
-0.267550577E-01
 0.797355195E-02
 0.370946311E-02
 0.105924077E-02
 0.103435969E-02
 0.764256455E-03
 0.400444742E-02
-0.607862373E-02
-0.370946311E-02
 0.400444742E-02
 0.860568529E-03
 0.797355195E-02
 0.400444742E-02
 0.764256455E-03
 0.607862373E-02
 0.105924077E-02
 0.370946311E-02
-0.103435969E-02
-0.400444742E-02
 0.370946311E-02
 0.860568529E-03
-0.571056237E-02
 0.571056237E-02
 0.818248612E-02
-0.571056237E-02
 0.571056237E-02
 0.818248612E-02
 0.571056237E-02
 0.571056237E-02
-0.603360537E-14
-0.630977589E-02
-0.122862989E-02
 0.447371957E-02
-0.107834955E-01
-0.131391845E-01
 0.483573248E-14
-0.107834955E-01
-0.619999227E-02
 0.739199988E-03
 0.183605632E-02
 0.447371957E-02
 0.126497546E-01
-0.630977589E-02
 0.447371957E-02
 0.619999227E-02
-0.126497546E-01
 0.131391845E-01
 0.842611054E-02
-0.122862989E-02
 0.131391845E-01
 0.243624418E-03
-0.630977589E-02
 0.739199988E-03
 0.447371957E-02
-0.630977589E-02
-0.619999227E-02
-0.122862989E-02
-0.107834955E-01
-0.662554855E-14
 0.619999227E-02
-0.131391845E-01
 0.122862989E-02
 0.243624419E-03
 0.107834955E-01
 0.619999227E-02
 0.619999227E-02
 0.738718259E-13
 0.122339702E-13
-0.348894670E-13
-0.487668866E-13
-0.694469153E-13
-0.576494962E-14
 0.758054142E-14
-0.187971010E-13
 0.383061451E-13
 0.686008753E-14
 0.383892899E-14
-0.231398941E-13
-0.602050860E-14
-0.355279781E-15
-0.180133258E-13
-0.308126589E-13
-0.796878640E-13
 0.799545168E-13
 0.108029877E-13
-0.474554936E-13
 0.383974189E-13
 0.425351288E-14
 0.325429044E-13
 0.669035932E-13
 0.311928368E-13
 0.191691616E-13
-0.173588593E-13
-0.499657897E-13
 0.404518701E-13
-0.393208453E-13
 0.450464393E-14
-0.248725527E-13
 0.275985347E-13
 0.261954390E-13
-0.176182029E-13
-0.376494604E-16
 0.501416649E-13
 0.278793556E-13
 0.169806394E-13
 0.550012265E-13
-0.397214377E-13
 0.549654540E-13
 0.401161133E-14
-0.381773969E-13
 0.400420395E-13
-0.108976139E-13
 0.155442460E-12
 0.148543123E-13
-0.292975876E-13
 0.100050441E-12
-0.441339779E-13
-0.484803850E-14
 0.331016754E-13
 0.463555017E-13
-0.516216962E-14
-0.441482360E-13
 0.383914040E-14
 0.399338999E-13
 0.230285029E-15
 0.257617612E-13
-0.724094415E-14
 0.113649760E-14
 0.117897922E-13
-0.449630418E-13
-0.207979435E-13
 0.842616765E-14
-0.854775310E-02
 0.476870388E-02
-0.303560624E-02
 0.107642180E-01
 0.623323086E-03
-0.164264127E-01
 0.241550244E-01
-0.232258437E-03
 0.303560624E-02
 0.241550244E-01
 0.391312235E-02
 0.476870388E-02
 0.241550244E-01
-0.164264127E-01
 0.232258437E-03
 0.107642180E-01
-0.303560624E-02
-0.623323086E-03
-0.241550244E-01
-0.303560624E-02
 0.391312235E-02
 0.630977589E-02
-0.630977589E-02
-0.489429897E-03
 0.630977589E-02
-0.630977589E-02
-0.489429897E-03
-0.630977589E-02
-0.630977589E-02
 0.115047508E-13
-0.166042584E-01
-0.104551567E-01
-0.194620189E-01
 0.285776052E-02
-0.218087922E-01
-0.105099610E-14
 0.285776052E-02
-0.176634114E-01
-0.135180306E-01
 0.360662773E-01
-0.194620189E-01
-0.216439510E-02
-0.166042584E-01
-0.194620189E-01
 0.176634114E-01
 0.216439510E-02
 0.218087922E-01
-0.431904534E-02
-0.104551567E-01
 0.218087922E-01
-0.382961545E-02
-0.166042584E-01
-0.135180306E-01
-0.194620189E-01
-0.166042584E-01
-0.176634114E-01
-0.104551567E-01
 0.285776052E-02
 0.485635473E-14
 0.176634114E-01
-0.218087922E-01
 0.104551567E-01
-0.382961545E-02
-0.285776052E-02
 0.176634114E-01
 0.176634114E-01
-0.862827267E-03
 0.112171861E-01
-0.509737576E-02
 0.597446197E-02
 0.121185674E-01
 0.775684484E-02
-0.687975863E-02
 0.156859319E-02
 0.509737576E-02
-0.687975863E-02
 0.667211892E-03
 0.112171861E-01
-0.687975863E-02
 0.775684484E-02
-0.156859319E-02
 0.597446197E-02
-0.509737576E-02
-0.121185674E-01
 0.687975863E-02
-0.509737576E-02
 0.667211892E-03
 0.122862989E-02
-0.122862989E-02
 0.169990334E-02
 0.122862989E-02
-0.122862989E-02
 0.169990334E-02
-0.122862989E-02
-0.122862989E-02
-0.125071080E-13
-0.104551567E-01
-0.327248592E-03
 0.265946907E-02
-0.131146258E-01
 0.407324008E-03
 0.356420565E-14
-0.131146258E-01
-0.494057285E-03
-0.139543858E-02
 0.779568761E-02
 0.265946907E-02
-0.213001118E-02
-0.104551567E-01
 0.265946907E-02
 0.494057285E-03
 0.213001118E-02
-0.407324008E-03
-0.145216769E-01
-0.327248592E-03
-0.407324009E-03
-0.162215802E-01
-0.104551567E-01
-0.139543858E-02
 0.265946907E-02
-0.104551567E-01
-0.494057285E-03
-0.327248592E-03
-0.131146258E-01
-0.164983130E-15
 0.494057285E-03
 0.407324008E-03
 0.327248592E-03
-0.162215802E-01
 0.131146258E-01
 0.494057285E-03
 0.494057285E-03
 0.407727314E-02
-0.294520666E-02
 0.440357550E-02
-0.177943819E-01
-0.475945715E-02
-0.153227122E-01
 0.193190580E-02
 0.891419151E-02
-0.440357550E-02
 0.193190580E-02
 0.107284420E-01
-0.294520666E-02
 0.193190580E-02
-0.153227122E-01
-0.891419151E-02
-0.177943819E-01
 0.440357550E-02
 0.475945715E-02
-0.193190580E-02
 0.440357550E-02
 0.107284420E-01
-0.447371957E-02
 0.447371957E-02
 0.138783845E-01
-0.447371957E-02
 0.447371957E-02
 0.138783845E-01
 0.447371957E-02
 0.447371957E-02
 0.779842659E-14
-0.194620189E-01
 0.265946907E-02
-0.109191367E-01
-0.854288219E-02
 0.200279153E-02
 0.239634077E-13
-0.854288219E-02
 0.381704202E-02
 0.563129251E-02
 0.303811556E-01
-0.109191367E-01
 0.628797006E-02
-0.194620189E-01
-0.109191367E-01
-0.381704202E-02
-0.628797006E-02
-0.200279152E-02
 0.252902545E-01
 0.265946907E-02
-0.200279152E-02
 0.114118700E-01
-0.194620189E-01
 0.563129251E-02
-0.109191367E-01
-0.194620189E-01
 0.381704202E-02
 0.265946907E-02
-0.854288219E-02
-0.383799411E-14
-0.381704202E-02
 0.200279153E-02
-0.265946907E-02
 0.114118700E-01
 0.854288219E-02
-0.381704202E-02
-0.381704202E-02
-0.126250262E-01
 0.771391053E-02
-0.743918174E-02
 0.285585999E-01
 0.538278024E-02
-0.110370044E-02
 0.222231186E-01
-0.914644994E-02
 0.743918175E-02
 0.222231186E-01
-0.681531964E-02
 0.771391053E-02
 0.222231186E-01
-0.110370044E-02
 0.914644994E-02
 0.285585999E-01
-0.743918174E-02
-0.538278023E-02
-0.222231186E-01
-0.743918174E-02
-0.681531964E-02
 0.107834955E-01
-0.107834955E-01
-0.143678144E-01
 0.107834955E-01
-0.107834955E-01
-0.143678144E-01
-0.107834955E-01
-0.107834955E-01
 0.836733787E-14
 0.285776052E-02
-0.131146258E-01
-0.854288219E-02
 0.114006427E-01
-0.238115838E-01
 0.414566016E-13
 0.114006427E-01
-0.214804535E-01
-0.191493232E-01
 0.568512166E-02
-0.854288219E-02
-0.845236516E-02
 0.285776052E-02
-0.854288219E-02
 0.214804535E-01
 0.845236516E-02
 0.238115838E-01
-0.296092998E-01
-0.131146258E-01
 0.238115838E-01
-0.152414854E-01
 0.285776052E-02
-0.191493232E-01
-0.854288219E-02
 0.285776052E-02
-0.214804535E-01
-0.131146258E-01
 0.114006427E-01
-0.636874532E-14
 0.214804535E-01
-0.238115838E-01
 0.131146258E-01
-0.152414854E-01
-0.114006427E-01
 0.214804535E-01
 0.214804535E-01
 0.158233024E-01
 0.410420268E-02
-0.122625389E-01
 0.122840435E-01
 0.176507112E-01
 0.142653304E-01
-0.142438257E-01
-0.911650665E-02
 0.122625389E-01
-0.142438257E-01
-0.226630152E-01
 0.410420268E-02
-0.142438257E-01
 0.142653304E-01
 0.911650665E-02
 0.122840435E-01
-0.122625389E-01
-0.176507112E-01
 0.142438257E-01
-0.122625389E-01
-0.226630152E-01
 0.131391845E-01
-0.131391845E-01
-0.672620720E-02
 0.131391845E-01
-0.131391845E-01
-0.672620720E-02
-0.131391845E-01
-0.131391845E-01
 0.194235802E-14
-0.218087922E-01
 0.407324008E-03
 0.200279153E-02
-0.238115838E-01
 0.292820512E-01
 0.113998685E-13
-0.238115838E-01
 0.157355427E-01
 0.218903417E-02
 0.198060007E-01
 0.200279153E-02
-0.266856931E-01
-0.218087922E-01
 0.200279153E-02
-0.157355427E-01
 0.266856931E-01
-0.292820512E-01
-0.481628848E-01
 0.407324008E-03
-0.292820512E-01
-0.414366776E-01
-0.218087922E-01
 0.218903417E-02
 0.200279153E-02
-0.218087922E-01
 0.157355427E-01
 0.407324008E-03
-0.238115838E-01
 0.145368645E-13
-0.157355427E-01
 0.292820512E-01
-0.407324008E-03
-0.414366776E-01
 0.238115838E-01
-0.157355427E-01
-0.157355427E-01
-0.228466174E-14
-0.250300274E-15
 0.272942937E-13
-0.167571019E-13
-0.507191102E-14
-0.125789228E-13
-0.147600661E-14
 0.113028120E-14
 0.230220830E-13
 0.122870312E-14
 0.581845954E-15
 0.855633513E-14
-0.630570816E-15
-0.358453566E-14
-0.811725386E-14
 0.226037448E-13
-0.571004344E-15
-0.267304689E-14
 0.334980990E-14
 0.200943956E-13
-0.824360910E-14
-0.143207377E-14
-0.950227799E-15
 0.306624196E-13
 0.167170795E-13
-0.169380369E-13
-0.751370272E-14
-0.620894608E-14
-0.217052224E-13
 0.205308774E-15
-0.110782671E-13
 0.192065278E-15
-0.113219461E-13
-0.699406518E-14
-0.975042489E-14
-0.190946906E-16
-0.112177740E-13
-0.724582240E-15
 0.285356680E-14
 0.142359529E-13
-0.208305813E-13
-0.171469598E-13
-0.616829843E-14
-0.383378948E-14
 0.696806389E-14
 0.197759210E-13
 0.109008031E-13
-0.156042418E-13
 0.325936935E-14
 0.297316473E-13
 0.354667197E-13
-0.336866706E-14
-0.187707175E-14
 0.862188846E-15
-0.359891383E-14
-0.229782509E-13
-0.234969237E-14
-0.516098748E-14
-0.177647920E-16
 0.186160505E-13
-0.320825702E-13
 0.124797054E-14
 0.102991113E-13
-0.497976586E-13
-0.698454010E-14
 0.544808718E-14
-0.126250262E-01
 0.771391053E-02
-0.743918175E-02
 0.285585999E-01
 0.538278024E-02
-0.110370044E-02
 0.222231186E-01
-0.914644994E-02
 0.743918175E-02
 0.222231186E-01
-0.681531964E-02
 0.771391053E-02
 0.222231186E-01
-0.110370044E-02
 0.914644994E-02
 0.285585999E-01
-0.743918174E-02
-0.538278024E-02
-0.222231186E-01
-0.743918175E-02
-0.681531964E-02
 0.107834955E-01
-0.107834955E-01
-0.143678144E-01
 0.107834955E-01
-0.107834955E-01
-0.143678144E-01
-0.107834955E-01
-0.107834955E-01
-0.123557001E-13
 0.285776052E-02
-0.131146258E-01
-0.854288219E-02
 0.114006427E-01
-0.238115838E-01
-0.594543930E-14
 0.114006427E-01
-0.214804535E-01
-0.191493232E-01
 0.568512166E-02
-0.854288219E-02
-0.845236516E-02
 0.285776052E-02
-0.854288219E-02
 0.214804535E-01
 0.845236516E-02
 0.238115838E-01
-0.296092998E-01
-0.131146258E-01
 0.238115838E-01
-0.152414854E-01
 0.285776052E-02
-0.191493232E-01
-0.854288219E-02
 0.285776052E-02
-0.214804535E-01
-0.131146258E-01
 0.114006427E-01
 0.399138998E-14
 0.214804535E-01
-0.238115838E-01
 0.131146258E-01
-0.152414854E-01
-0.114006427E-01
 0.214804535E-01
 0.214804535E-01
-0.100689280E-01
 0.860568528E-03
-0.345569999E-02
 0.736882235E-02
 0.656650351E-02
 0.727274201E-02
-0.335961965E-02
-0.167637236E-01
 0.345569999E-02
-0.335961965E-02
-0.224696586E-01
 0.860568529E-03
-0.335961965E-02
 0.727274201E-02
 0.167637236E-01
 0.736882235E-02
-0.345569999E-02
-0.656650352E-02
 0.335961965E-02
-0.345569999E-02
-0.224696586E-01
 0.619999227E-02
-0.619999227E-02
-0.243624419E-03
 0.619999227E-02
-0.619999227E-02
-0.243624419E-03
-0.619999227E-02
-0.619999227E-02
 0.120603208E-14
-0.176634114E-01
-0.494057285E-03
 0.381704202E-02
-0.214804535E-01
 0.157355427E-01
-0.508225003E-14
-0.214804535E-01
 0.100296077E-01
 0.432367273E-02
 0.138463694E-01
 0.381704202E-02
-0.119059273E-01
-0.176634114E-01
 0.381704202E-02
-0.100296077E-01
 0.119059273E-01
-0.157355427E-01
-0.252150973E-01
-0.494057285E-03
-0.157355427E-01
-0.249714729E-01
-0.176634114E-01
 0.432367273E-02
 0.381704202E-02
-0.176634114E-01
 0.100296077E-01
-0.494057285E-03
-0.214804535E-01
-0.755945121E-14
-0.100296077E-01
 0.157355427E-01
 0.494057285E-03
-0.249714729E-01
 0.214804535E-01
-0.100296077E-01
-0.100296077E-01
-0.359611584E-01
-0.238306562E-02
 0.535113888E-02
 0.245360114E-02
-0.451770419E-02
 0.280153626E-03
 0.752458640E-02
-0.244109405E-01
-0.535113888E-02
 0.752458640E-02
-0.222763019E-01
-0.238306562E-02
 0.752458640E-02
 0.280153626E-03
 0.244109405E-01
 0.245360114E-02
 0.535113888E-02
 0.451770419E-02
-0.752458640E-02
 0.535113888E-02
-0.222763019E-01
-0.739199988E-03
 0.739199988E-03
 0.623895836E-02
-0.739199988E-03
 0.739199988E-03
 0.623895836E-02
 0.739199988E-03
 0.739199988E-03
-0.176827128E-13
-0.135180306E-01
-0.139543858E-02
 0.563129251E-02
-0.191493232E-01
 0.218903417E-02
-0.234003586E-14
-0.191493232E-01
 0.432367273E-02
 0.645831130E-02
 0.788673814E-02
 0.563129251E-02
 0.287383855E-02
-0.135180306E-01
 0.563129251E-02
-0.432367273E-02
-0.287383855E-02
-0.218903417E-02
-0.226730991E-02
-0.139543858E-02
-0.218903417E-02
-0.850626827E-02
-0.135180306E-01
 0.645831130E-02
 0.563129251E-02
-0.135180306E-01
 0.432367273E-02
-0.139543858E-02
-0.191493232E-01
 0.498616880E-14
-0.432367273E-02
 0.218903417E-02
 0.139543858E-02
-0.850626827E-02
 0.191493232E-01
-0.432367273E-02
-0.432367273E-02
 0.447047997E-02
-0.182349722E-02
-0.136796926E-02
 0.703016394E-02
 0.413613406E-02
 0.317491249E-01
-0.260869302E-01
-0.868193307E-02
 0.136796926E-02
-0.260869302E-01
-0.146415644E-01
-0.182349722E-02
-0.260869302E-01
 0.317491249E-01
 0.868193307E-02
 0.703016394E-02
-0.136796926E-02
-0.413613406E-02
 0.260869302E-01
-0.136796926E-02
-0.146415644E-01
-0.183605632E-02
 0.183605632E-02
-0.133889546E-01
-0.183605632E-02
 0.183605632E-02
-0.133889546E-01
 0.183605632E-02
 0.183605632E-02
 0.377184251E-13
 0.360662773E-01
 0.779568761E-02
 0.303811556E-01
 0.568512166E-02
 0.198060007E-01
 0.172601282E-13
 0.568512166E-02
 0.138463694E-01
 0.788673814E-02
-0.664474330E-01
 0.303811556E-01
-0.412357496E-02
 0.360662773E-01
 0.303811556E-01
-0.138463694E-01
 0.412357496E-02
-0.198060007E-01
-0.209712091E-01
 0.779568761E-02
-0.198060007E-01
-0.758225453E-02
 0.360662773E-01
 0.788673814E-02
 0.303811556E-01
 0.360662773E-01
 0.138463694E-01
 0.779568761E-02
 0.568512166E-02
-0.156568864E-13
-0.138463694E-01
 0.198060007E-01
-0.779568761E-02
-0.758225453E-02
-0.568512166E-02
-0.138463694E-01
-0.138463694E-01
 0.407727314E-02
-0.294520666E-02
 0.440357550E-02
-0.177943819E-01
-0.475945715E-02
-0.153227122E-01
 0.193190580E-02
 0.891419151E-02
-0.440357550E-02
 0.193190580E-02
 0.107284420E-01
-0.294520666E-02
 0.193190580E-02
-0.153227122E-01
-0.891419151E-02
-0.177943819E-01
 0.440357550E-02
 0.475945715E-02
-0.193190580E-02
 0.440357550E-02
 0.107284420E-01
-0.447371957E-02
 0.447371957E-02
 0.138783845E-01
-0.447371957E-02
 0.447371957E-02
 0.138783845E-01
 0.447371957E-02
 0.447371957E-02
 0.431494601E-13
-0.194620189E-01
 0.265946907E-02
-0.109191367E-01
-0.854288219E-02
 0.200279153E-02
 0.791779859E-14
-0.854288219E-02
 0.381704202E-02
 0.563129251E-02
 0.303811556E-01
-0.109191367E-01
 0.628797006E-02
-0.194620189E-01
-0.109191367E-01
-0.381704202E-02
-0.628797006E-02
-0.200279153E-02
 0.252902545E-01
 0.265946907E-02
-0.200279153E-02
 0.114118700E-01
-0.194620189E-01
 0.563129251E-02
-0.109191367E-01
-0.194620189E-01
 0.381704202E-02
 0.265946907E-02
-0.854288219E-02
-0.166605511E-13
-0.381704202E-02
 0.200279153E-02
-0.265946907E-02
 0.114118700E-01
 0.854288219E-02
-0.381704202E-02
-0.381704202E-02
-0.526472881E-01
 0.472991780E-02
 0.125163020E-01
-0.385598044E-02
-0.100498480E-01
-0.622833193E-02
 0.148886535E-01
-0.137258406E-01
-0.125163020E-01
 0.148886535E-01
 0.105392517E-02
 0.472991780E-02
 0.148886535E-01
-0.622833193E-02
 0.137258406E-01
-0.385598044E-02
 0.125163020E-01
 0.100498480E-01
-0.148886535E-01
 0.125163020E-01
 0.105392517E-02
-0.126497546E-01
 0.126497546E-01
 0.146650689E-01
-0.126497546E-01
 0.126497546E-01
 0.146650689E-01
 0.126497546E-01
 0.126497546E-01
 0.156372612E-13
-0.216439510E-02
-0.213001118E-02
 0.628797006E-02
-0.845236516E-02
-0.266856931E-01
-0.126514288E-13
-0.845236516E-02
-0.119059273E-01
 0.287383855E-02
-0.412357496E-02
 0.628797006E-02
 0.274295204E-01
-0.216439510E-02
 0.628797006E-02
 0.119059273E-01
-0.274295204E-01
 0.266856931E-01
 0.313738980E-01
-0.213001118E-02
 0.266856931E-01
 0.167088291E-01
-0.216439510E-02
 0.287383855E-02
 0.628797006E-02
-0.216439510E-02
-0.119059273E-01
-0.213001118E-02
-0.845236516E-02
 0.349615990E-13
 0.119059273E-01
-0.266856931E-01
 0.213001118E-02
 0.167088291E-01
 0.845236515E-02
 0.119059273E-01
 0.119059273E-01
-0.854775310E-02
 0.476870388E-02
-0.303560624E-02
 0.107642180E-01
 0.623323086E-03
-0.164264127E-01
 0.241550244E-01
-0.232258436E-03
 0.303560624E-02
 0.241550244E-01
 0.391312235E-02
 0.476870388E-02
 0.241550244E-01
-0.164264127E-01
 0.232258437E-03
 0.107642180E-01
-0.303560624E-02
-0.623323086E-03
-0.241550244E-01
-0.303560624E-02
 0.391312235E-02
 0.630977589E-02
-0.630977589E-02
-0.489429897E-03
 0.630977589E-02
-0.630977589E-02
-0.489429897E-03
-0.630977589E-02
-0.630977589E-02
 0.115504301E-13
-0.166042584E-01
-0.104551567E-01
-0.194620189E-01
 0.285776052E-02
-0.218087922E-01
 0.543983859E-14
 0.285776052E-02
-0.176634114E-01
-0.135180306E-01
 0.360662773E-01
-0.194620189E-01
-0.216439510E-02
-0.166042584E-01
-0.194620189E-01
 0.176634114E-01
 0.216439510E-02
 0.218087922E-01
-0.431904534E-02
-0.104551567E-01
 0.218087922E-01
-0.382961545E-02
-0.166042584E-01
-0.135180306E-01
-0.194620189E-01
-0.166042584E-01
-0.176634114E-01
-0.104551567E-01
 0.285776052E-02
 0.677019420E-14
 0.176634114E-01
-0.218087922E-01
 0.104551567E-01
-0.382961545E-02
-0.285776052E-02
 0.176634114E-01
 0.176634114E-01
 0.407727314E-02
-0.294520666E-02
 0.440357550E-02
-0.177943819E-01
-0.475945715E-02
-0.153227122E-01
 0.193190580E-02
 0.891419151E-02
-0.440357550E-02
 0.193190580E-02
 0.107284420E-01
-0.294520666E-02
 0.193190580E-02
-0.153227122E-01
-0.891419151E-02
-0.177943819E-01
 0.440357550E-02
 0.475945715E-02
-0.193190580E-02
 0.440357550E-02
 0.107284420E-01
-0.447371957E-02
 0.447371957E-02
 0.138783845E-01
-0.447371957E-02
 0.447371957E-02
 0.138783845E-01
 0.447371957E-02
 0.447371957E-02
 0.285323865E-13
-0.194620189E-01
 0.265946907E-02
-0.109191367E-01
-0.854288219E-02
 0.200279153E-02
-0.178090744E-13
-0.854288219E-02
 0.381704202E-02
 0.563129251E-02
 0.303811556E-01
-0.109191367E-01
 0.628797006E-02
-0.194620189E-01
-0.109191367E-01
-0.381704202E-02
-0.628797006E-02
-0.200279153E-02
 0.252902545E-01
 0.265946907E-02
-0.200279153E-02
 0.114118700E-01
-0.194620189E-01
 0.563129251E-02
-0.109191367E-01
-0.194620189E-01
 0.381704202E-02
 0.265946907E-02
-0.854288219E-02
-0.235773557E-14
-0.381704202E-02
 0.200279153E-02
-0.265946907E-02
 0.114118700E-01
 0.854288219E-02
-0.381704202E-02
-0.381704202E-02
 0.100689280E-01
-0.860568529E-03
 0.345569999E-02
-0.736882235E-02
-0.656650352E-02
-0.727274201E-02
 0.335961965E-02
 0.167637236E-01
-0.345569999E-02
 0.335961965E-02
 0.224696586E-01
-0.860568528E-03
 0.335961965E-02
-0.727274201E-02
-0.167637236E-01
-0.736882235E-02
 0.345569999E-02
 0.656650351E-02
-0.335961965E-02
 0.345569999E-02
 0.224696586E-01
-0.619999227E-02
 0.619999227E-02
 0.243624419E-03
-0.619999227E-02
 0.619999227E-02
 0.243624419E-03
 0.619999227E-02
 0.619999227E-02
 0.850809756E-14
 0.176634114E-01
 0.494057285E-03
-0.381704202E-02
 0.214804535E-01
-0.157355427E-01
-0.406288077E-15
 0.214804535E-01
-0.100296077E-01
-0.432367273E-02
-0.138463694E-01
-0.381704202E-02
 0.119059273E-01
 0.176634114E-01
-0.381704202E-02
 0.100296077E-01
-0.119059273E-01
 0.157355427E-01
 0.252150973E-01
 0.494057285E-03
 0.157355427E-01
 0.249714729E-01
 0.176634114E-01
-0.432367273E-02
-0.381704202E-02
 0.176634114E-01
-0.100296077E-01
 0.494057285E-03
 0.214804535E-01
-0.657819260E-14
 0.100296077E-01
-0.157355427E-01
-0.494057285E-03
 0.249714729E-01
-0.214804535E-01
 0.100296077E-01
 0.100296077E-01
 0.526472881E-01
-0.472991780E-02
-0.125163020E-01
 0.385598044E-02
 0.100498480E-01
 0.622833193E-02
-0.148886535E-01
 0.137258406E-01
 0.125163020E-01
-0.148886535E-01
-0.105392517E-02
-0.472991780E-02
-0.148886535E-01
 0.622833193E-02
-0.137258406E-01
 0.385598044E-02
-0.125163020E-01
-0.100498480E-01
 0.148886535E-01
-0.125163020E-01
-0.105392516E-02
 0.126497546E-01
-0.126497546E-01
-0.146650689E-01
 0.126497546E-01
-0.126497546E-01
-0.146650689E-01
-0.126497546E-01
-0.126497546E-01
 0.851469820E-13
 0.216439510E-02
 0.213001118E-02
-0.628797006E-02
 0.845236516E-02
 0.266856931E-01
-0.616736673E-14
 0.845236516E-02
 0.119059273E-01
-0.287383855E-02
 0.412357496E-02
-0.628797006E-02
-0.274295204E-01
 0.216439510E-02
-0.628797006E-02
-0.119059273E-01
 0.274295204E-01
-0.266856931E-01
-0.313738980E-01
 0.213001118E-02
-0.266856931E-01
-0.167088291E-01
 0.216439510E-02
-0.287383855E-02
-0.628797006E-02
 0.216439510E-02
 0.119059273E-01
 0.213001118E-02
 0.845236516E-02
-0.130157347E-13
-0.119059273E-01
 0.266856931E-01
-0.213001118E-02
-0.167088291E-01
-0.845236515E-02
-0.119059273E-01
-0.119059273E-01
-0.158233024E-01
-0.410420268E-02
 0.122625389E-01
-0.122840435E-01
-0.176507112E-01
-0.142653304E-01
 0.142438257E-01
 0.911650665E-02
-0.122625389E-01
 0.142438257E-01
 0.226630152E-01
-0.410420268E-02
 0.142438257E-01
-0.142653304E-01
-0.911650665E-02
-0.122840435E-01
 0.122625389E-01
 0.176507112E-01
-0.142438257E-01
 0.122625389E-01
 0.226630152E-01
-0.131391845E-01
 0.131391845E-01
 0.672620720E-02
-0.131391845E-01
 0.131391845E-01
 0.672620720E-02
 0.131391845E-01
 0.131391845E-01
-0.113343057E-12
 0.218087922E-01
-0.407324008E-03
-0.200279153E-02
 0.238115838E-01
-0.292820512E-01
 0.227444393E-13
 0.238115838E-01
-0.157355427E-01
-0.218903417E-02
-0.198060007E-01
-0.200279153E-02
 0.266856931E-01
 0.218087922E-01
-0.200279153E-02
 0.157355427E-01
-0.266856931E-01
 0.292820512E-01
 0.481628848E-01
-0.407324008E-03
 0.292820512E-01
 0.414366776E-01
 0.218087922E-01
-0.218903417E-02
-0.200279153E-02
 0.218087922E-01
-0.157355427E-01
-0.407324008E-03
 0.238115838E-01
-0.321772996E-13
 0.157355427E-01
-0.292820512E-01
 0.407324008E-03
 0.414366776E-01
-0.238115838E-01
 0.157355427E-01
 0.157355427E-01
-0.530588609E-01
 0.467015539E-02
 0.160821180E-01
 0.143610925E-01
-0.182776320E-01
 0.920813646E-02
 0.212350740E-01
-0.386119344E-01
-0.160821180E-01
 0.212350740E-01
-0.156641469E-01
 0.467015539E-02
 0.212350740E-01
 0.920813646E-02
 0.386119344E-01
 0.143610925E-01
 0.160821180E-01
 0.182776320E-01
-0.212350740E-01
 0.160821180E-01
-0.156641469E-01
-0.842611054E-02
 0.842611054E-02
 0.295011882E-01
-0.842611054E-02
 0.842611054E-02
 0.295011882E-01
 0.842611054E-02
 0.842611054E-02
 0.119766802E-12
-0.431904535E-02
-0.145216769E-01
 0.252902545E-01
-0.296092998E-01
-0.481628848E-01
 0.471967869E-13
-0.296092998E-01
-0.252150973E-01
-0.226730991E-02
-0.209712091E-01
 0.252902545E-01
 0.313738980E-01
-0.431904535E-02
 0.252902545E-01
 0.252150973E-01
-0.313738980E-01
 0.481628848E-01
-0.305693108E-01
-0.145216769E-01
 0.481628848E-01
-0.600704990E-01
-0.431904534E-02
-0.226730991E-02
 0.252902545E-01
-0.431904534E-02
-0.252150973E-01
-0.145216769E-01
-0.296092998E-01
-0.265234093E-13
 0.252150973E-01
-0.481628848E-01
 0.145216769E-01
-0.600704990E-01
 0.296092998E-01
 0.252150973E-01
 0.252150973E-01
-0.862827267E-03
 0.112171861E-01
-0.509737576E-02
 0.597446197E-02
 0.121185674E-01
 0.775684484E-02
-0.687975863E-02
 0.156859319E-02
 0.509737576E-02
-0.687975863E-02
 0.667211892E-03
 0.112171861E-01
-0.687975863E-02
 0.775684484E-02
-0.156859319E-02
 0.597446197E-02
-0.509737576E-02
-0.121185674E-01
 0.687975863E-02
-0.509737576E-02
 0.667211892E-03
 0.122862989E-02
-0.122862989E-02
 0.169990334E-02
 0.122862989E-02
-0.122862989E-02
 0.169990334E-02
-0.122862989E-02
-0.122862989E-02
-0.113772540E-13
-0.104551567E-01
-0.327248592E-03
 0.265946907E-02
-0.131146258E-01
 0.407324008E-03
 0.277678620E-14
-0.131146258E-01
-0.494057285E-03
-0.139543858E-02
 0.779568761E-02
 0.265946907E-02
-0.213001118E-02
-0.104551567E-01
 0.265946907E-02
 0.494057285E-03
 0.213001118E-02
-0.407324008E-03
-0.145216769E-01
-0.327248592E-03
-0.407324008E-03
-0.162215802E-01
-0.104551567E-01
-0.139543858E-02
 0.265946907E-02
-0.104551567E-01
-0.494057285E-03
-0.327248592E-03
-0.131146258E-01
 0.984717577E-15
 0.494057285E-03
 0.407324008E-03
 0.327248592E-03
-0.162215802E-01
 0.131146258E-01
 0.494057285E-03
 0.494057285E-03
-0.158233024E-01
-0.410420268E-02
 0.122625389E-01
-0.122840435E-01
-0.176507112E-01
-0.142653304E-01
 0.142438257E-01
 0.911650665E-02
-0.122625389E-01
 0.142438257E-01
 0.226630152E-01
-0.410420268E-02
 0.142438257E-01
-0.142653304E-01
-0.911650665E-02
-0.122840435E-01
 0.122625389E-01
 0.176507112E-01
-0.142438257E-01
 0.122625389E-01
 0.226630152E-01
-0.131391845E-01
 0.131391845E-01
 0.672620720E-02
-0.131391845E-01
 0.131391845E-01
 0.672620720E-02
 0.131391845E-01
 0.131391845E-01
-0.122450621E-13
 0.218087922E-01
-0.407324008E-03
-0.200279153E-02
 0.238115838E-01
-0.292820512E-01
 0.421145155E-13
 0.238115838E-01
-0.157355427E-01
-0.218903417E-02
-0.198060007E-01
-0.200279153E-02
 0.266856931E-01
 0.218087922E-01
-0.200279153E-02
 0.157355427E-01
-0.266856931E-01
 0.292820512E-01
 0.481628848E-01
-0.407324008E-03
 0.292820512E-01
 0.414366776E-01
 0.218087922E-01
-0.218903417E-02
-0.200279153E-02
 0.218087922E-01
-0.157355427E-01
-0.407324008E-03
 0.238115838E-01
 0.124805330E-13
 0.157355427E-01
-0.292820512E-01
 0.407324008E-03
 0.414366776E-01
-0.238115838E-01
 0.157355427E-01
 0.157355427E-01
-0.835988304E-01
-0.210767496E-01
 0.589929162E-02
 0.157097984E-01
-0.375419543E-01
 0.551257835E-02
 0.160965117E-01
-0.532061012E-01
-0.589929162E-02
 0.160965117E-01
-0.367408965E-01
-0.210767496E-01
 0.160965117E-01
 0.551257835E-02
 0.532061012E-01
 0.157097984E-01
 0.589929162E-02
 0.375419543E-01
-0.160965117E-01
 0.589929162E-02
-0.367408965E-01
-0.243624419E-03
 0.243624419E-03
 0.191386616E-01
-0.243624418E-03
 0.243624419E-03
 0.191386616E-01
 0.243624419E-03
 0.243624419E-03
 0.447393858E-13
-0.382961545E-02
-0.162215802E-01
 0.114118700E-01
-0.152414854E-01
-0.414366776E-01
-0.848457238E-14
-0.152414854E-01
-0.249714729E-01
-0.850626827E-02
-0.758225453E-02
 0.114118700E-01
 0.167088291E-01
-0.382961545E-02
 0.114118700E-01
 0.249714729E-01
-0.167088291E-01
 0.414366776E-01
-0.600704990E-01
-0.162215802E-01
 0.414366776E-01
-0.792091606E-01
-0.382961545E-02
-0.850626827E-02
 0.114118700E-01
-0.382961545E-02
-0.249714729E-01
-0.162215802E-01
-0.152414854E-01
 0.157508951E-13
 0.249714729E-01
-0.414366776E-01
 0.162215802E-01
-0.792091606E-01
 0.152414854E-01
 0.249714729E-01
 0.249714729E-01
-0.854775310E-02
 0.476870388E-02
-0.303560624E-02
 0.107642180E-01
 0.623323086E-03
-0.164264127E-01
 0.241550244E-01
-0.232258437E-03
 0.303560624E-02
 0.241550244E-01
 0.391312235E-02
 0.476870388E-02
 0.241550244E-01
-0.164264127E-01
 0.232258436E-03
 0.107642180E-01
-0.303560624E-02
-0.623323086E-03
-0.241550244E-01
-0.303560624E-02
 0.391312235E-02
 0.630977589E-02
-0.630977589E-02
-0.489429897E-03
 0.630977589E-02
-0.630977589E-02
-0.489429897E-03
-0.630977589E-02
-0.630977589E-02
-0.731942431E-14
-0.166042584E-01
-0.104551567E-01
-0.194620189E-01
 0.285776052E-02
-0.218087922E-01
-0.235711239E-14
 0.285776052E-02
-0.176634114E-01
-0.135180306E-01
 0.360662773E-01
-0.194620189E-01
-0.216439510E-02
-0.166042584E-01
-0.194620189E-01
 0.176634114E-01
 0.216439510E-02
 0.218087922E-01
-0.431904534E-02
-0.104551567E-01
 0.218087922E-01
-0.382961545E-02
-0.166042584E-01
-0.135180306E-01
-0.194620189E-01
-0.166042584E-01
-0.176634114E-01
-0.104551567E-01
 0.285776052E-02
-0.497303003E-14
 0.176634114E-01
-0.218087922E-01
 0.104551567E-01
-0.382961545E-02
-0.285776052E-02
 0.176634114E-01
 0.176634114E-01
-0.359611584E-01
-0.238306562E-02
 0.535113888E-02
 0.245360114E-02
-0.451770419E-02
 0.280153626E-03
 0.752458640E-02
-0.244109405E-01
-0.535113888E-02
 0.752458640E-02
-0.222763019E-01
-0.238306562E-02
 0.752458640E-02
 0.280153626E-03
 0.244109405E-01
 0.245360114E-02
 0.535113888E-02
 0.451770419E-02
-0.752458640E-02
 0.535113888E-02
-0.222763019E-01
-0.739199988E-03
 0.739199988E-03
 0.623895836E-02
-0.739199988E-03
 0.739199988E-03
 0.623895836E-02
 0.739199988E-03
 0.739199988E-03
-0.920883941E-15
-0.135180306E-01
-0.139543858E-02
 0.563129251E-02
-0.191493232E-01
 0.218903417E-02
 0.449319360E-14
-0.191493232E-01
 0.432367273E-02
 0.645831130E-02
 0.788673814E-02
 0.563129251E-02
 0.287383855E-02
-0.135180306E-01
 0.563129251E-02
-0.432367273E-02
-0.287383855E-02
-0.218903417E-02
-0.226730991E-02
-0.139543858E-02
-0.218903417E-02
-0.850626827E-02
-0.135180306E-01
 0.645831130E-02
 0.563129251E-02
-0.135180306E-01
 0.432367273E-02
-0.139543858E-02
-0.191493232E-01
 0.164172134E-16
-0.432367273E-02
 0.218903417E-02
 0.139543858E-02
-0.850626827E-02
 0.191493232E-01
-0.432367273E-02
-0.432367273E-02
 0.407727314E-02
-0.294520666E-02
 0.440357550E-02
-0.177943819E-01
-0.475945715E-02
-0.153227122E-01
 0.193190580E-02
 0.891419151E-02
-0.440357550E-02
 0.193190580E-02
 0.107284420E-01
-0.294520666E-02
 0.193190580E-02
-0.153227122E-01
-0.891419151E-02
-0.177943819E-01
 0.440357550E-02
 0.475945715E-02
-0.193190580E-02
 0.440357550E-02
 0.107284420E-01
-0.447371957E-02
 0.447371957E-02
 0.138783845E-01
-0.447371957E-02
 0.447371957E-02
 0.138783845E-01
 0.447371957E-02
 0.447371957E-02
 0.597820389E-14
-0.194620189E-01
 0.265946907E-02
-0.109191367E-01
-0.854288219E-02
 0.200279153E-02
-0.239591049E-13
-0.854288219E-02
 0.381704202E-02
 0.563129251E-02
 0.303811556E-01
-0.109191367E-01
 0.628797006E-02
-0.194620189E-01
-0.109191367E-01
-0.381704202E-02
-0.628797006E-02
-0.200279153E-02
 0.252902545E-01
 0.265946907E-02
-0.200279153E-02
 0.114118700E-01
-0.194620189E-01
 0.563129251E-02
-0.109191367E-01
-0.194620189E-01
 0.381704202E-02
 0.265946907E-02
-0.854288219E-02
 0.166345672E-13
-0.381704202E-02
 0.200279153E-02
-0.265946907E-02
 0.114118700E-01
 0.854288219E-02
-0.381704202E-02
-0.381704202E-02
-0.854775310E-02
 0.476870388E-02
-0.303560624E-02
 0.107642180E-01
 0.623323086E-03
-0.164264127E-01
 0.241550244E-01
-0.232258437E-03
 0.303560624E-02
 0.241550244E-01
 0.391312235E-02
 0.476870388E-02
 0.241550244E-01
-0.164264127E-01
 0.232258437E-03
 0.107642180E-01
-0.303560624E-02
-0.623323086E-03
-0.241550244E-01
-0.303560624E-02
 0.391312235E-02
 0.630977589E-02
-0.630977589E-02
-0.489429897E-03
 0.630977589E-02
-0.630977589E-02
-0.489429897E-03
-0.630977589E-02
-0.630977589E-02
-0.935984455E-14
-0.166042584E-01
-0.104551567E-01
-0.194620189E-01
 0.285776052E-02
-0.218087922E-01
 0.211603403E-14
 0.285776052E-02
-0.176634114E-01
-0.135180306E-01
 0.360662773E-01
-0.194620189E-01
-0.216439510E-02
-0.166042584E-01
-0.194620189E-01
 0.176634114E-01
 0.216439510E-02
 0.218087922E-01
-0.431904534E-02
-0.104551567E-01
 0.218087922E-01
-0.382961545E-02
-0.166042584E-01
-0.135180306E-01
-0.194620189E-01
-0.166042584E-01
-0.176634114E-01
-0.104551567E-01
 0.285776052E-02
 0.769787702E-14
 0.176634114E-01
-0.218087922E-01
 0.104551567E-01
-0.382961545E-02
-0.285776052E-02
 0.176634114E-01
 0.176634114E-01
-0.100689280E-01
 0.860568528E-03
-0.345569999E-02
 0.736882235E-02
 0.656650352E-02
 0.727274201E-02
-0.335961965E-02
-0.167637236E-01
 0.345569999E-02
-0.335961965E-02
-0.224696586E-01
 0.860568528E-03
-0.335961965E-02
 0.727274201E-02
 0.167637236E-01
 0.736882235E-02
-0.345569999E-02
-0.656650352E-02
 0.335961965E-02
-0.345569999E-02
-0.224696586E-01
 0.619999227E-02
-0.619999227E-02
-0.243624419E-03
 0.619999227E-02
-0.619999227E-02
-0.243624418E-03
-0.619999227E-02
-0.619999227E-02
 0.474914941E-13
-0.176634114E-01
-0.494057285E-03
 0.381704202E-02
-0.214804535E-01
 0.157355427E-01
-0.641955357E-14
-0.214804535E-01
 0.100296077E-01
 0.432367273E-02
 0.138463694E-01
 0.381704202E-02
-0.119059273E-01
-0.176634114E-01
 0.381704202E-02
-0.100296077E-01
 0.119059273E-01
-0.157355427E-01
-0.252150973E-01
-0.494057285E-03
-0.157355427E-01
-0.249714729E-01
-0.176634114E-01
 0.432367273E-02
 0.381704202E-02
-0.176634114E-01
 0.100296077E-01
-0.494057285E-03
-0.214804535E-01
 0.107601734E-13
-0.100296077E-01
 0.157355427E-01
 0.494057285E-03
-0.249714729E-01
 0.214804535E-01
-0.100296077E-01
-0.100296077E-01
-0.862827267E-03
 0.112171861E-01
-0.509737576E-02
 0.597446197E-02
 0.121185674E-01
 0.775684484E-02
-0.687975863E-02
 0.156859319E-02
 0.509737576E-02
-0.687975863E-02
 0.667211892E-03
 0.112171861E-01
-0.687975863E-02
 0.775684484E-02
-0.156859319E-02
 0.597446197E-02
-0.509737576E-02
-0.121185674E-01
 0.687975863E-02
-0.509737576E-02
 0.667211892E-03
 0.122862989E-02
-0.122862989E-02
 0.169990334E-02
 0.122862989E-02
-0.122862989E-02
 0.169990334E-02
-0.122862989E-02
-0.122862989E-02
 0.364725462E-15
-0.104551567E-01
-0.327248592E-03
 0.265946907E-02
-0.131146258E-01
 0.407324008E-03
 0.320513753E-14
-0.131146258E-01
-0.494057285E-03
-0.139543858E-02
 0.779568761E-02
 0.265946907E-02
-0.213001118E-02
-0.104551567E-01
 0.265946907E-02
 0.494057285E-03
 0.213001118E-02
-0.407324008E-03
-0.145216769E-01
-0.327248592E-03
-0.407324008E-03
-0.162215802E-01
-0.104551567E-01
-0.139543858E-02
 0.265946907E-02
-0.104551567E-01
-0.494057285E-03
-0.327248592E-03
-0.131146258E-01
 0.745905156E-15
 0.494057285E-03
 0.407324008E-03
 0.327248592E-03
-0.162215802E-01
 0.131146258E-01
 0.494057285E-03
 0.494057285E-03
-0.126250262E-01
 0.771391053E-02
-0.743918174E-02
 0.285585999E-01
 0.538278023E-02
-0.110370044E-02
 0.222231186E-01
-0.914644994E-02
 0.743918174E-02
 0.222231186E-01
-0.681531964E-02
 0.771391053E-02
 0.222231186E-01
-0.110370044E-02
 0.914644994E-02
 0.285585999E-01
-0.743918175E-02
-0.538278023E-02
-0.222231186E-01
-0.743918174E-02
-0.681531964E-02
 0.107834955E-01
-0.107834955E-01
-0.143678144E-01
 0.107834955E-01
-0.107834955E-01
-0.143678144E-01
-0.107834955E-01
-0.107834955E-01
-0.344294681E-13
 0.285776052E-02
-0.131146258E-01
-0.854288219E-02
 0.114006427E-01
-0.238115838E-01
-0.148307858E-13
 0.114006427E-01
-0.214804535E-01
-0.191493232E-01
 0.568512166E-02
-0.854288219E-02
-0.845236516E-02
 0.285776052E-02
-0.854288219E-02
 0.214804535E-01
 0.845236516E-02
 0.238115838E-01
-0.296092998E-01
-0.131146258E-01
 0.238115838E-01
-0.152414854E-01
 0.285776052E-02
-0.191493232E-01
-0.854288219E-02
 0.285776052E-02
-0.214804535E-01
-0.131146258E-01
 0.114006427E-01
-0.437120431E-14
 0.214804535E-01
-0.238115838E-01
 0.131146258E-01
-0.152414854E-01
-0.114006427E-01
 0.214804535E-01
 0.214804535E-01
 0.482018821E-14
-0.260314372E-13
-0.115698279E-13
-0.217721213E-13
-0.561740375E-13
-0.741667160E-14
-0.393917336E-14
-0.241783082E-14
-0.641583846E-14
-0.534744525E-14
 0.205837605E-14
-0.104547647E-15
-0.780409448E-14
-0.241478250E-14
-0.230165787E-15
-0.324121590E-13
 0.473414265E-14
 0.171905834E-13
 0.115754717E-14
 0.165831898E-13
-0.520678325E-14
-0.467852874E-14
-0.117590864E-13
-0.710300246E-14
 0.159405956E-13
 0.665353520E-14
-0.193786289E-14
-0.656712037E-14
 0.934772929E-14
-0.120841426E-15
-0.144812463E-14
 0.161196210E-14
-0.125852083E-13
-0.153541515E-13
-0.121724306E-13
-0.996421882E-17
 0.209673882E-13
-0.114709901E-13
-0.508222697E-14
 0.974167407E-15
 0.180058601E-14
 0.287924484E-13
-0.128647060E-14
-0.108733142E-13
-0.971447047E-14
-0.214343718E-13
-0.622805607E-14
-0.165286638E-13
 0.467040098E-14
-0.181057682E-13
-0.250534697E-14
-0.646571049E-14
-0.354585090E-14
-0.395480855E-14
-0.655922890E-14
-0.138968816E-13
-0.365989051E-14
-0.197780944E-13
-0.352179588E-17
 0.194507168E-13
-0.344725711E-13
 0.179715039E-14
-0.504253526E-14
-0.101607164E-13
-0.162636839E-14
 0.147694012E-14
 0.100689280E-01
-0.860568528E-03
 0.345569999E-02
-0.736882235E-02
-0.656650351E-02
-0.727274201E-02
 0.335961965E-02
 0.167637236E-01
-0.345569999E-02
 0.335961965E-02
 0.224696586E-01
-0.860568529E-03
 0.335961965E-02
-0.727274201E-02
-0.167637236E-01
-0.736882235E-02
 0.345569999E-02
 0.656650352E-02
-0.335961965E-02
 0.345569999E-02
 0.224696586E-01
-0.619999227E-02
 0.619999227E-02
 0.243624419E-03
-0.619999227E-02
 0.619999227E-02
 0.243624419E-03
 0.619999227E-02
 0.619999227E-02
 0.869230504E-14
 0.176634114E-01
 0.494057285E-03
-0.381704202E-02
 0.214804535E-01
-0.157355427E-01
 0.125377893E-14
 0.214804535E-01
-0.100296077E-01
-0.432367273E-02
-0.138463694E-01
-0.381704202E-02
 0.119059273E-01
 0.176634114E-01
-0.381704202E-02
 0.100296077E-01
-0.119059273E-01
 0.157355427E-01
 0.252150973E-01
 0.494057285E-03
 0.157355427E-01
 0.249714729E-01
 0.176634114E-01
-0.432367273E-02
-0.381704202E-02
 0.176634114E-01
-0.100296077E-01
 0.494057285E-03
 0.214804535E-01
-0.343861265E-14
 0.100296077E-01
-0.157355427E-01
-0.494057285E-03
 0.249714729E-01
-0.214804535E-01
 0.100296077E-01
 0.100296077E-01
 0.158233024E-01
 0.410420268E-02
-0.122625389E-01
 0.122840435E-01
 0.176507112E-01
 0.142653304E-01
-0.142438257E-01
-0.911650665E-02
 0.122625389E-01
-0.142438257E-01
-0.226630152E-01
 0.410420268E-02
-0.142438257E-01
 0.142653304E-01
 0.911650665E-02
 0.122840435E-01
-0.122625389E-01
-0.176507112E-01
 0.142438257E-01
-0.122625389E-01
-0.226630152E-01
 0.131391845E-01
-0.131391845E-01
-0.672620720E-02
 0.131391845E-01
-0.131391845E-01
-0.672620720E-02
-0.131391845E-01
-0.131391845E-01
 0.126374407E-12
-0.218087922E-01
 0.407324008E-03
 0.200279153E-02
-0.238115838E-01
 0.292820512E-01
 0.667206231E-14
-0.238115838E-01
 0.157355427E-01
 0.218903417E-02
 0.198060007E-01
 0.200279153E-02
-0.266856931E-01
-0.218087922E-01
 0.200279153E-02
-0.157355427E-01
 0.266856931E-01
-0.292820512E-01
-0.481628848E-01
 0.407324008E-03
-0.292820512E-01
-0.414366776E-01
-0.218087922E-01
 0.218903417E-02
 0.200279153E-02
-0.218087922E-01
 0.157355427E-01
 0.407324008E-03
-0.238115838E-01
-0.134379799E-13
-0.157355427E-01
 0.292820512E-01
-0.407324008E-03
-0.414366776E-01
 0.238115838E-01
-0.157355427E-01
-0.157355427E-01
 0.862827267E-03
-0.112171861E-01
 0.509737576E-02
-0.597446197E-02
-0.121185674E-01
-0.775684484E-02
 0.687975863E-02
-0.156859319E-02
-0.509737576E-02
 0.687975863E-02
-0.667211892E-03
-0.112171861E-01
 0.687975863E-02
-0.775684484E-02
 0.156859319E-02
-0.597446197E-02
 0.509737576E-02
 0.121185674E-01
-0.687975863E-02
 0.509737576E-02
-0.667211892E-03
-0.122862989E-02
 0.122862989E-02
-0.169990334E-02
-0.122862989E-02
 0.122862989E-02
-0.169990334E-02
 0.122862989E-02
 0.122862989E-02
-0.116365561E-13
 0.104551567E-01
 0.327248592E-03
-0.265946907E-02
 0.131146258E-01
-0.407324008E-03
-0.367356889E-14
 0.131146258E-01
 0.494057285E-03
 0.139543858E-02
-0.779568761E-02
-0.265946907E-02
 0.213001118E-02
 0.104551567E-01
-0.265946907E-02
-0.494057285E-03
-0.213001118E-02
 0.407324008E-03
 0.145216769E-01
 0.327248592E-03
 0.407324008E-03
 0.162215802E-01
 0.104551567E-01
 0.139543858E-02
-0.265946907E-02
 0.104551567E-01
 0.494057285E-03
 0.327248592E-03
 0.131146258E-01
 0.988114333E-14
-0.494057285E-03
-0.407324008E-03
-0.327248592E-03
 0.162215802E-01
-0.131146258E-01
-0.494057285E-03
-0.494057285E-03
-0.835988304E-01
-0.210767496E-01
 0.589929162E-02
 0.157097984E-01
-0.375419543E-01
 0.551257835E-02
 0.160965117E-01
-0.532061012E-01
-0.589929162E-02
 0.160965117E-01
-0.367408965E-01
-0.210767496E-01
 0.160965117E-01
 0.551257835E-02
 0.532061012E-01
 0.157097984E-01
 0.589929162E-02
 0.375419543E-01
-0.160965117E-01
 0.589929162E-02
-0.367408965E-01
-0.243624419E-03
 0.243624419E-03
 0.191386616E-01
-0.243624418E-03
 0.243624419E-03
 0.191386616E-01
 0.243624419E-03
 0.243624419E-03
-0.127334489E-13
-0.382961545E-02
-0.162215802E-01
 0.114118700E-01
-0.152414854E-01
-0.414366776E-01
-0.831969713E-15
-0.152414854E-01
-0.249714729E-01
-0.850626827E-02
-0.758225453E-02
 0.114118700E-01
 0.167088291E-01
-0.382961545E-02
 0.114118700E-01
 0.249714729E-01
-0.167088291E-01
 0.414366776E-01
-0.600704990E-01
-0.162215802E-01
 0.414366776E-01
-0.792091606E-01
-0.382961545E-02
-0.850626827E-02
 0.114118700E-01
-0.382961545E-02
-0.249714729E-01
-0.162215802E-01
-0.152414854E-01
 0.104391671E-13
 0.249714729E-01
-0.414366776E-01
 0.162215802E-01
-0.792091606E-01
 0.152414854E-01
 0.249714729E-01
 0.249714729E-01
 0.126250262E-01
-0.771391053E-02
 0.743918175E-02
-0.285585999E-01
-0.538278024E-02
 0.110370044E-02
-0.222231186E-01
 0.914644994E-02
-0.743918175E-02
-0.222231186E-01
 0.681531964E-02
-0.771391053E-02
-0.222231186E-01
 0.110370044E-02
-0.914644994E-02
-0.285585999E-01
 0.743918175E-02
 0.538278024E-02
 0.222231186E-01
 0.743918175E-02
 0.681531964E-02
-0.107834955E-01
 0.107834955E-01
 0.143678144E-01
-0.107834955E-01
 0.107834955E-01
 0.143678144E-01
 0.107834955E-01
 0.107834955E-01
-0.461026573E-13
-0.285776052E-02
 0.131146258E-01
 0.854288219E-02
-0.114006427E-01
 0.238115838E-01
-0.107990386E-13
-0.114006427E-01
 0.214804535E-01
 0.191493232E-01
-0.568512166E-02
 0.854288219E-02
 0.845236516E-02
-0.285776052E-02
 0.854288219E-02
-0.214804535E-01
-0.845236516E-02
-0.238115838E-01
 0.296092998E-01
 0.131146258E-01
-0.238115838E-01
 0.152414854E-01
-0.285776052E-02
 0.191493232E-01
 0.854288219E-02
-0.285776052E-02
 0.214804535E-01
 0.131146258E-01
-0.114006427E-01
-0.520270642E-14
-0.214804535E-01
 0.238115838E-01
-0.131146258E-01
 0.152414854E-01
 0.114006427E-01
-0.214804535E-01
-0.214804535E-01
 0.100689280E-01
-0.860568529E-03
 0.345569999E-02
-0.736882235E-02
-0.656650352E-02
-0.727274201E-02
 0.335961965E-02
 0.167637236E-01
-0.345569999E-02
 0.335961965E-02
 0.224696586E-01
-0.860568529E-03
 0.335961965E-02
-0.727274201E-02
-0.167637236E-01
-0.736882234E-02
 0.345569999E-02
 0.656650352E-02
-0.335961965E-02
 0.345569999E-02
 0.224696586E-01
-0.619999227E-02
 0.619999227E-02
 0.243624419E-03
-0.619999227E-02
 0.619999227E-02
 0.243624419E-03
 0.619999227E-02
 0.619999227E-02
 0.450770067E-13
 0.176634114E-01
 0.494057285E-03
-0.381704202E-02
 0.214804535E-01
-0.157355427E-01
-0.140656665E-14
 0.214804535E-01
-0.100296077E-01
-0.432367273E-02
-0.138463694E-01
-0.381704202E-02
 0.119059273E-01
 0.176634114E-01
-0.381704202E-02
 0.100296077E-01
-0.119059273E-01
 0.157355427E-01
 0.252150973E-01
 0.494057285E-03
 0.157355427E-01
 0.249714729E-01
 0.176634114E-01
-0.432367273E-02
-0.381704202E-02
 0.176634114E-01
-0.100296077E-01
 0.494057285E-03
 0.214804535E-01
 0.106045892E-15
 0.100296077E-01
-0.157355427E-01
-0.494057285E-03
 0.249714729E-01
-0.214804535E-01
 0.100296077E-01
 0.100296077E-01
 0.100689280E-01
-0.860568529E-03
 0.345569999E-02
-0.736882235E-02
-0.656650352E-02
-0.727274201E-02
 0.335961965E-02
 0.167637236E-01
-0.345569999E-02
 0.335961965E-02
 0.224696586E-01
-0.860568529E-03
 0.335961965E-02
-0.727274201E-02
-0.167637236E-01
-0.736882235E-02
 0.345569999E-02
 0.656650351E-02
-0.335961965E-02
 0.345569999E-02
 0.224696586E-01
-0.619999227E-02
 0.619999227E-02
 0.243624419E-03
-0.619999227E-02
 0.619999227E-02
 0.243624418E-03
 0.619999227E-02
 0.619999227E-02
 0.870587412E-14
 0.176634114E-01
 0.494057285E-03
-0.381704202E-02
 0.214804535E-01
-0.157355427E-01
-0.199029835E-13
 0.214804535E-01
-0.100296077E-01
-0.432367273E-02
-0.138463694E-01
-0.381704202E-02
 0.119059273E-01
 0.176634114E-01
-0.381704202E-02
 0.100296077E-01
-0.119059273E-01
 0.157355427E-01
 0.252150973E-01
 0.494057285E-03
 0.157355427E-01
 0.249714729E-01
 0.176634114E-01
-0.432367273E-02
-0.381704202E-02
 0.176634114E-01
-0.100296077E-01
 0.494057285E-03
 0.214804535E-01
-0.529522861E-14
 0.100296077E-01
-0.157355427E-01
-0.494057285E-03
 0.249714729E-01
-0.214804535E-01
 0.100296077E-01
 0.100296077E-01
