 # 4 site DOS and GIPR created by main.f90 with subroutines in routines.f90
 #
 # parameters: U =  8.00  t = -1.00  W = 12.00
 # nbins = 300     ensemble size =     1000000
 #
 # Filling:  0.499872506    
 # Filling Error:   5.54633373E-03
 #
 #  Frequency           DOS            GIPR
  -12.0000000       2.17265473E-03   1.84717667    
  -11.9200001       2.22834130E-03   1.79335797    
  -11.8400002       2.33505457E-03   1.71423161    
  -11.7600002       2.39604339E-03   1.65358078    
  -11.6800003       2.50418135E-03   1.59600282    
  -11.6000004       2.58179125E-03   1.54387307    
  -11.5200005       2.65775411E-03   1.51007593    
  -11.4400005       2.77476991E-03   1.45090282    
  -11.3600006       2.91755167E-03   1.39888394    
  -11.2800007       3.00411251E-03   1.36225688    
  -11.2000008       3.14414548E-03   1.30346036    
  -11.1200008       3.27854254E-03   1.26547217    
  -11.0400009       3.41844792E-03   1.21884370    
  -10.9600010       3.54049564E-03   1.18424511    
  -10.8800011       3.68918851E-03   1.15115130    
  -10.8000011       3.85863567E-03   1.11357248    
  -10.7200012       4.07376373E-03   1.08483744    
  -10.6400013       4.25249897E-03   1.06033075    
  -10.5600014       4.39835386E-03   1.03734565    
  -10.4800014       4.62902570E-03   1.01639128    
  -10.4000015       4.89756884E-03  0.998072982    
  -10.3200016       5.21490211E-03  0.971240759    
  -10.2400017       5.51155861E-03  0.962594330    
  -10.1600018       5.76726394E-03  0.946170092    
  -10.0800018       6.23781327E-03  0.932608008    
  -10.0000019       6.67391578E-03  0.921595514    
  -9.92000198       7.16014765E-03  0.911300242    
  -9.84000206       7.73744844E-03  0.903942645    
  -9.76000214       8.41887668E-03  0.897397637    
  -9.68000221       9.10152961E-03  0.896007776    
  -9.60000229       1.00790504E-02  0.893393397    
  -9.52000237       1.11697810E-02  0.894142568    
  -9.44000244       1.17987618E-02  0.890994191    
  -9.36000252       1.22002233E-02  0.891644359    
  -9.28000259       1.26072923E-02  0.888566434    
  -9.20000267       1.30998539E-02  0.888122559    
  -9.12000275       1.32471453E-02  0.884901643    
  -9.04000282       1.36800539E-02  0.880541086    
  -8.96000290       1.38613824E-02  0.878064275    
  -8.88000298       1.43356929E-02  0.874873161    
  -8.80000305       1.45276561E-02  0.868509829    
  -8.72000313       1.49909304E-02  0.860798895    
  -8.64000320       1.55829331E-02  0.853660166    
  -8.56000328       1.61208455E-02  0.846619606    
  -8.48000336       1.67276692E-02  0.844481170    
  -8.40000343       1.73035115E-02  0.836459339    
  -8.32000351       1.78234335E-02  0.832255423    
  -8.24000359       1.83970518E-02  0.829423666    
  -8.16000366       1.89133510E-02  0.823166788    
  -8.08000374       1.95818488E-02  0.817983210    
  -8.00000381       2.00485103E-02  0.814489722    
  -7.92000389       2.07663625E-02  0.811352432    
  -7.84000397       2.09662616E-02  0.808604181    
  -7.76000404       2.13960782E-02  0.806286514    
  -7.68000412       2.18584947E-02  0.801293552    
  -7.60000420       2.20188387E-02  0.797872066    
  -7.52000427       2.24538408E-02  0.793583453    
  -7.44000435       2.27458514E-02  0.790614903    
  -7.36000443       2.27523353E-02  0.787561834    
  -7.28000450       2.29855441E-02  0.784713387    
  -7.20000458       2.31188014E-02  0.780966163    
  -7.12000465       2.35485919E-02  0.779635966    
  -7.04000473       2.35379450E-02  0.774584532    
  -6.96000481       2.38952674E-02  0.769955695    
  -6.88000488       2.42644567E-02  0.757719934    
  -6.80000496       2.48651225E-02  0.749310613    
  -6.72000504       2.53694262E-02  0.744892299    
  -6.64000511       2.61650756E-02  0.734688878    
  -6.56000519       2.69254260E-02  0.727295339    
  -6.48000526       2.71064360E-02  0.718900681    
  -6.40000534       2.76477747E-02  0.713665485    
  -6.32000542       2.83422600E-02  0.708193123    
  -6.24000549       2.89327037E-02  0.699017167    
  -6.16000557       2.94598900E-02  0.694028080    
  -6.08000565       2.99498476E-02  0.686436415    
  -6.00000572       3.04860305E-02  0.682120919    
  -5.92000580       3.13258022E-02  0.676200330    
  -5.84000587       3.21460888E-02  0.666886926    
  -5.76000595       3.26056257E-02  0.660604179    
  -5.68000603       3.33933271E-02  0.655868292    
  -5.60000610       3.38738412E-02  0.646439314    
  -5.52000618       3.39788757E-02  0.642197311    
  -5.44000626       3.45968865E-02  0.636795342    
  -5.36000633       3.51675712E-02  0.628838956    
  -5.28000641       3.58472951E-02  0.622948110    
  -5.20000648       3.62646766E-02  0.616827250    
  -5.12000656       3.66860740E-02  0.609199286    
  -5.04000664       3.74639519E-02  0.601380944    
  -4.96000671       3.77170555E-02  0.597339630    
  -4.88000679       3.82505991E-02  0.588472724    
  -4.80000687       3.88047881E-02  0.582113981    
  -4.72000694       3.97187546E-02  0.576884389    
  -4.64000702       3.97576876E-02  0.573092997    
  -4.56000710       4.04258929E-02  0.563566804    
  -4.48000717       4.08259556E-02  0.560283244    
  -4.40000725       4.22966257E-02  0.552826047    
  -4.32000732       4.23491821E-02  0.544693947    
  -4.24000740       4.30712216E-02  0.539394915    
  -4.16000748       4.37696092E-02  0.533292532    
  -4.08000755       4.44302075E-02  0.526886165    
  -4.00000763       4.47828844E-02  0.519864738    
  -3.92000771       4.51679975E-02  0.515897334    
  -3.84000778       4.60205711E-02  0.508006334    
  -3.76000786       4.60150242E-02  0.502971530    
  -3.68000793       4.73925732E-02  0.499140471    
  -3.60000801       4.74863797E-02  0.493536264    
  -3.52000809       4.76230308E-02  0.487923145    
  -3.44000816       4.82380837E-02  0.483565718    
  -3.36000824       4.88536507E-02  0.479513615    
  -3.28000832       4.97703105E-02  0.476792783    
  -3.20000839       5.13766855E-02  0.472651064    
  -3.12000847       5.38788810E-02  0.469521135    
  -3.04000854       5.60752787E-02  0.468631119    
  -2.96000862       5.84322512E-02  0.471472859    
  -2.88000870       6.23156093E-02  0.478104889    
  -2.80000877       6.79086596E-02  0.489425272    
  -2.72000885       7.41256922E-02  0.502605736    
  -2.64000893       8.00595731E-02  0.518076837    
  -2.56000900       8.51361156E-02  0.531833470    
  -2.48000908       8.94041955E-02  0.542068720    
  -2.40000916       9.30870995E-02  0.552108526    
  -2.32000923       9.54537466E-02  0.555496395    
  -2.24000931       9.67380926E-02  0.551272452    
  -2.16000938       9.89254266E-02  0.548840761    
  -2.08000946      0.100843340      0.544603348    
  -2.00000954      0.104558334      0.537068009    
  -1.92000949      0.106367894      0.530522168    
  -1.84000945      0.108708359      0.525941253    
  -1.76000941      0.109591141      0.519899547    
  -1.68000937      0.110225312      0.515847802    
  -1.60000932      0.110533126      0.512023807    
  -1.52000928      0.111916572      0.507740974    
  -1.44000924      0.114671901      0.503426909    
  -1.36000919      0.114712946      0.499483973    
  -1.28000915      0.116225019      0.494747639    
  -1.20000911      0.116598368      0.491636276    
  -1.12000906      0.117033109      0.487732291    
  -1.04000902      0.116784178      0.482923180    
 -0.960009038      0.116274953      0.478317529    
 -0.880009055      0.113975443      0.475581229    
 -0.800009072      0.113878004      0.472960025    
 -0.720009089      0.111477397      0.473562390    
 -0.640009105      0.108975090      0.472792804    
 -0.560009122      0.106052332      0.473125041    
 -0.480009139      0.101654395      0.471252829    
 -0.400009155       9.84098911E-02  0.469942540    
 -0.320009172       8.96149501E-02  0.463717133    
 -0.240009174       7.91494325E-02  0.464387298    
 -0.160009176       7.39383847E-02  0.466065824    
  -8.00091773E-02   6.89702928E-02  0.466907442    
  -9.17911530E-06   6.93291724E-02  0.466914266    
   7.99908191E-02   7.35800788E-02  0.465887964    
  0.159990817       8.01771730E-02  0.464510471    
  0.239990816       8.88365358E-02  0.464123815    
  0.319990814       9.86312181E-02  0.469510734    
  0.399990797      0.102523670      0.471756905    
  0.479990780      0.105223432      0.473508626    
  0.559990764      0.109736905      0.472535133    
  0.639990747      0.111268409      0.473423511    
  0.719990730      0.113763757      0.473408133    
  0.799990714      0.114515372      0.475813955    
  0.879990697      0.115768254      0.479753911    
  0.959990680      0.116910055      0.481855631    
   1.03999066      0.117422387      0.487904996    
   1.11999071      0.116478913      0.490343481    
   1.19999075      0.116369724      0.496074975    
   1.27999079      0.114846893      0.499535114    
   1.35999084      0.113556735      0.504057765    
   1.43999088      0.112545222      0.508445144    
   1.51999092      0.111376509      0.511387527    
   1.59999096      0.110712081      0.516672850    
   1.67999101      0.109415166      0.521659255    
   1.75999105      0.108201429      0.525039911    
   1.83999109      0.107086159      0.530700922    
   1.91999114      0.103960432      0.537839830    
   1.99999118      0.101078570      0.543684423    
   2.07999110       9.91225764E-02  0.548522174    
   2.15999103       9.70280841E-02  0.553749025    
   2.23999095       9.53173265E-02  0.555590510    
   2.31999087       9.34336409E-02  0.551671088    
   2.39999080       8.96364301E-02  0.541633785    
   2.47999072       8.55143964E-02  0.531044602    
   2.55999064       7.97116607E-02  0.518301308    
   2.63999057       7.40577802E-02  0.502533555    
   2.71999049       6.80290088E-02  0.489353925    
   2.79999042       6.24933019E-02  0.477093279    
   2.87999034       5.81861995E-02  0.472662866    
   2.95999026       5.53108007E-02  0.470020384    
   3.03999019       5.36011085E-02  0.469602466    
   3.11999011       5.15181012E-02  0.472466648    
   3.19999003       4.94292714E-02  0.477305442    
   3.27998996       4.85888384E-02  0.481616974    
   3.35998988       4.86544855E-02  0.484454721    
   3.43998981       4.81388755E-02  0.488155335    
   3.51998973       4.71757539E-02  0.494216383    
   3.59998965       4.66185324E-02  0.497801930    
   3.67998958       4.65224832E-02  0.502356052    
   3.75998950       4.58889641E-02  0.509891093    
   3.83998942       4.55497280E-02  0.515066206    
   3.91998935       4.47993465E-02  0.520434737    
   3.99998927       4.43238355E-02  0.525828183    
   4.07998943       4.40903716E-02  0.531219661    
   4.15998936       4.30498905E-02  0.539367616    
   4.23998928       4.25749160E-02  0.546816170    
   4.31998920       4.19705845E-02  0.551299632    
   4.39998913       4.09305431E-02  0.559175074    
   4.47998905       4.05047685E-02  0.562523544    
   4.55998898       3.96958366E-02  0.568653882    
   4.63998890       3.97623628E-02  0.575870335    
   4.71998882       3.89001593E-02  0.581501842    
   4.79998875       3.82518470E-02  0.589045048    
   4.87998867       3.78699675E-02  0.596112072    
   4.95998859       3.72935794E-02  0.601552367    
   5.03998852       3.68023887E-02  0.609883428    
   5.11998844       3.63058746E-02  0.616218567    
   5.19998837       3.58372964E-02  0.620009482    
   5.27998829       3.53305712E-02  0.629374504    
   5.35998821       3.48937027E-02  0.636432052    
   5.43998814       3.41257304E-02  0.640841901    
   5.51998806       3.37872095E-02  0.647654593    
   5.59998798       3.32863294E-02  0.655315280    
   5.67998791       3.19658816E-02  0.664096415    
   5.75998783       3.18988115E-02  0.668281674    
   5.83998775       3.15750018E-02  0.673546612    
   5.91998768       3.04286107E-02  0.678625464    
   5.99998760       2.99601909E-02  0.685011685    
   6.07998753       2.93016881E-02  0.690272570    
   6.15998745       2.88222246E-02  0.696255088    
   6.23998737       2.81836037E-02  0.706149101    
   6.31998730       2.77421568E-02  0.713539541    
   6.39998722       2.70806924E-02  0.719111025    
   6.47998714       2.66879462E-02  0.726477563    
   6.55998707       2.62347758E-02  0.734223306    
   6.63998699       2.55303085E-02  0.741686404    
   6.71998692       2.52482891E-02  0.744955659    
   6.79998684       2.45519448E-02  0.758358657    
   6.87998676       2.40220390E-02  0.766371131    
   6.95998669       2.33703498E-02  0.771336913    
   7.03998661       2.34406795E-02  0.774977386    
   7.11998653       2.33654249E-02  0.778478801    
   7.19998646       2.28997637E-02  0.783023953    
   7.27998638       2.26129983E-02  0.784411907    
   7.35998631       2.28063874E-02  0.786872804    
   7.43998623       2.23259479E-02  0.790365994    
   7.51998615       2.21555252E-02  0.793938398    
   7.59998608       2.16516741E-02  0.794883132    
   7.67998600       2.13101692E-02  0.800119162    
   7.75998592       2.08591167E-02  0.801058292    
   7.83998585       2.06619147E-02  0.804823995    
   7.91998577       2.02006176E-02  0.808040679    
   7.99998569       1.95496734E-02  0.812163174    
   8.07998562       1.89905632E-02  0.815094113    
   8.15998554       1.84179172E-02  0.821710408    
   8.23998547       1.78811084E-02  0.823156476    
   8.31998539       1.73798800E-02  0.828313410    
   8.39998531       1.66623313E-02  0.832531691    
   8.47998524       1.62447728E-02  0.835187197    
   8.55998516       1.57431271E-02  0.839474320    
   8.63998508       1.51080638E-02  0.843602061    
   8.71998501       1.44387558E-02  0.847045958    
   8.79998493       1.42062986E-02  0.852601469    
   8.87998486       1.39187220E-02  0.853863120    
   8.95998478       1.36693669E-02  0.854956388    
   9.03998470       1.31919505E-02  0.854517758    
   9.11998463       1.31061664E-02  0.854791164    
   9.19998455       1.25700654E-02  0.851107061    
   9.27998447       1.22376280E-02  0.849086046    
   9.35998440       1.17361592E-02  0.845787644    
   9.43998432       1.11869993E-02  0.838668287    
   9.51998425       1.02212094E-02  0.828049660    
   9.59998417       9.21536516E-03  0.821211874    
   9.67998409       8.50855187E-03  0.810644746    
   9.75998402       7.79210031E-03  0.804168224    
   9.83998394       7.12739350E-03  0.791966379    
   9.91998386       6.65852707E-03  0.783506453    
   9.99998379       6.25218311E-03  0.778152466    
   10.0799837       5.85518125E-03  0.765725672    
   10.1599836       5.56569407E-03  0.758059263    
   10.2399836       5.18242177E-03  0.744963288    
   10.3199835       4.94437665E-03  0.737796307    
   10.3999834       4.65596374E-03  0.721358836    
   10.4799833       4.40525869E-03  0.710938811    
   10.5599833       4.21631197E-03  0.698584080    
   10.6399832       4.05570678E-03  0.685858727    
   10.7199831       3.91099416E-03  0.673975110    
   10.7999830       3.71955940E-03  0.662783980    
   10.8799829       3.52551998E-03  0.642635465    
   10.9599829       3.40371951E-03  0.632428229    
   11.0399828       3.28337750E-03  0.619188309    
   11.1199827       3.10129649E-03  0.601189733    
   11.1999826       3.02242325E-03  0.591393471    
   11.2799826       2.86937389E-03  0.571919262    
   11.3599825       2.77367979E-03  0.562610149    
   11.4399824       2.74292449E-03  0.557428777    
   11.5199823       2.57625221E-03  0.535182059    
   11.5999823       2.48488225E-03  0.523927331    
   11.6799822       2.40483810E-03  0.514639854    
   11.7599821       2.35126005E-03  0.502741039    
   11.8399820       2.25686631E-03  0.490435600    
   11.9199820       2.14595324E-03  0.475187629    
