 # 4 site DOS and GIPR created by main.f90 with subroutines in routines.f90
 #
 # parameters: U =  0.00  t =  0.00  W = 12.00
 # nbins = 300     ensemble size =     1000000
 #
 # Filling:  0.499770761    
 # Filling Error:   6.70274999E-03
 #
 #  Frequency           DOS            GIPR
  -12.0000000       0.00000000                  NaN
  -11.9200001       0.00000000                  NaN
  -11.8400002       0.00000000                  NaN
  -11.7600002       0.00000000                  NaN
  -11.6800003       0.00000000                  NaN
  -11.6000004       0.00000000                  NaN
  -11.5200005       0.00000000                  NaN
  -11.4400005       0.00000000                  NaN
  -11.3600006       0.00000000                  NaN
  -11.2800007       0.00000000                  NaN
  -11.2000008       0.00000000                  NaN
  -11.1200008       0.00000000                  NaN
  -11.0400009       0.00000000                  NaN
  -10.9600010       0.00000000                  NaN
  -10.8800011       0.00000000                  NaN
  -10.8000011       0.00000000                  NaN
  -10.7200012       0.00000000                  NaN
  -10.6400013       0.00000000                  NaN
  -10.5600014       0.00000000                  NaN
  -10.4800014       0.00000000                  NaN
  -10.4000015       0.00000000                  NaN
  -10.3200016       0.00000000                  NaN
  -10.2400017       0.00000000                  NaN
  -10.1600018       0.00000000                  NaN
  -10.0800018       0.00000000                  NaN
  -10.0000019       0.00000000                  NaN
  -9.92000198       0.00000000                  NaN
  -9.84000206       0.00000000                  NaN
  -9.76000214       0.00000000                  NaN
  -9.68000221       0.00000000                  NaN
  -9.60000229       0.00000000                  NaN
  -9.52000237       0.00000000                  NaN
  -9.44000244       0.00000000                  NaN
  -9.36000252       0.00000000                  NaN
  -9.28000259       0.00000000                  NaN
  -9.20000267       0.00000000                  NaN
  -9.12000275       0.00000000                  NaN
  -9.04000282       0.00000000                  NaN
  -8.96000290       0.00000000                  NaN
  -8.88000298       0.00000000                  NaN
  -8.80000305       0.00000000                  NaN
  -8.72000313       0.00000000                  NaN
  -8.64000320       0.00000000                  NaN
  -8.56000328       0.00000000                  NaN
  -8.48000336       0.00000000                  NaN
  -8.40000343       0.00000000                  NaN
  -8.32000351       0.00000000                  NaN
  -8.24000359       0.00000000                  NaN
  -8.16000366       0.00000000                  NaN
  -8.08000374       0.00000000                  NaN
  -8.00000381       0.00000000                  NaN
  -7.92000389       0.00000000                  NaN
  -7.84000397       0.00000000                  NaN
  -7.76000404       0.00000000                  NaN
  -7.68000412       0.00000000                  NaN
  -7.60000420       0.00000000                  NaN
  -7.52000427       0.00000000                  NaN
  -7.44000435       0.00000000                  NaN
  -7.36000443       0.00000000                  NaN
  -7.28000450       0.00000000                  NaN
  -7.20000458       0.00000000                  NaN
  -7.12000465       0.00000000                  NaN
  -7.04000473       0.00000000                  NaN
  -6.96000481       0.00000000                  NaN
  -6.88000488       0.00000000                  NaN
  -6.80000496       0.00000000                  NaN
  -6.72000504       0.00000000                  NaN
  -6.64000511       0.00000000                  NaN
  -6.56000519       0.00000000                  NaN
  -6.48000526       0.00000000                  NaN
  -6.40000534       0.00000000                  NaN
  -6.32000542       0.00000000                  NaN
  -6.24000549       0.00000000                  NaN
  -6.16000557       0.00000000                  NaN
  -6.08000565       0.00000000                  NaN
  -6.00000572       8.32250044E-02   1.00000000    
  -5.92000580       8.33187476E-02   1.00000000    
  -5.84000587       8.29187557E-02   1.00000000    
  -5.76000595       8.19968805E-02   1.00000000    
  -5.68000603       8.21937546E-02   1.00000000    
  -5.60000610       8.29187557E-02   1.00000000    
  -5.52000618       8.43781233E-02   1.00000000    
  -5.44000626       8.26562569E-02   1.00000000    
  -5.36000633       8.33468735E-02   1.00000000    
  -5.28000641       8.35156292E-02   1.00000000    
  -5.20000648       8.28687549E-02   1.00000000    
  -5.12000656       8.22718814E-02   1.00000000    
  -5.04000664       8.39375034E-02   1.00000000    
  -4.96000671       8.31906274E-02   1.00000000    
  -4.88000679       8.28406289E-02   1.00000000    
  -4.80000687       8.36218819E-02   1.00000000    
  -4.72000694       8.38875026E-02   1.00000000    
  -4.64000702       8.31250027E-02   1.00000000    
  -4.56000710       8.38218778E-02   1.00000000    
  -4.48000717       8.36687535E-02   1.00000000    
  -4.40000725       8.24156329E-02   1.00000000    
  -4.32000732       8.37437510E-02   1.00000000    
  -4.24000740       8.32250044E-02   1.00000000    
  -4.16000748       8.34000036E-02   1.00000000    
  -4.08000755       8.35874975E-02   1.00000000    
  -4.00000763       8.36718753E-02   1.00000000    
  -3.92000771       8.29093754E-02   1.00000000    
  -3.84000778       8.28500018E-02   1.00000000    
  -3.76000786       8.30812529E-02   1.00000000    
  -3.68000793       8.40656236E-02   1.00000000    
  -3.60000801       8.36312473E-02   1.00000000    
  -3.52000809       8.28906298E-02   1.00000000    
  -3.44000816       8.30750018E-02   1.00000000    
  -3.36000824       8.36687535E-02   1.00000000    
  -3.28000832       8.29000026E-02   1.00000000    
  -3.20000839       8.35312456E-02   1.00000000    
  -3.12000847       8.29999968E-02   1.00000000    
  -3.04000854       8.18406269E-02   1.00000000    
  -2.96000862       8.26781318E-02   1.00000000    
  -2.88000870       8.37062523E-02   1.00000000    
  -2.80000877       8.27781260E-02   1.00000000    
  -2.72000885       8.35906267E-02   1.00000000    
  -2.64000893       8.38218778E-02   1.00000000    
  -2.56000900       8.29343796E-02   1.00000000    
  -2.48000908       8.30156282E-02   1.00000000    
  -2.40000916       8.42937529E-02   1.00000000    
  -2.32000923       8.36250037E-02   1.00000000    
  -2.24000931       8.28718767E-02   1.00000000    
  -2.16000938       8.46093744E-02   1.00000000    
  -2.08000946       8.32906216E-02   1.00000000    
  -2.00000954       8.28468800E-02   1.00000000    
  -1.92000949       8.36718753E-02   1.00000000    
  -1.84000945       8.40781257E-02   1.00000000    
  -1.76000941       8.44875053E-02   1.00000000    
  -1.68000937       8.28312486E-02   1.00000000    
  -1.60000932       8.29343796E-02   1.00000000    
  -1.52000928       8.32843781E-02   1.00000000    
  -1.44000924       8.33624974E-02   1.00000000    
  -1.36000919       8.28500018E-02   1.00000000    
  -1.28000915       8.32312554E-02   1.00000000    
  -1.20000911       8.28843787E-02   1.00000000    
  -1.12000906       8.41593817E-02   1.00000000    
  -1.04000902       8.36531222E-02   1.00000000    
 -0.960009038       8.32781270E-02   1.00000000    
 -0.880009055       8.29343796E-02   1.00000000    
 -0.800009072       8.32312554E-02   1.00000000    
 -0.720009089       8.28906298E-02   1.00000000    
 -0.640009105       8.39437470E-02   1.00000000    
 -0.560009122       8.35874975E-02   1.00000000    
 -0.480009139       8.30906257E-02   1.00000000    
 -0.400009155       8.38562548E-02   1.00000000    
 -0.320009172       8.29468817E-02   1.00000000    
 -0.240009174       8.33843797E-02   1.00000000    
 -0.160009176       8.33656266E-02   1.00000000    
  -8.00091773E-02   8.39437470E-02   1.00000000    
  -9.17911530E-06   8.37843791E-02   1.00000000    
   7.99908191E-02   8.38437527E-02   1.00000000    
  0.159990817       8.35906267E-02   1.00000000    
  0.239990816       8.33624974E-02   1.00000000    
  0.319990814       8.30906257E-02   1.00000000    
  0.399990797       8.26156214E-02   1.00000000    
  0.479990780       8.27312544E-02   1.00000000    
  0.559990764       8.37406293E-02   1.00000000    
  0.639990747       8.39875042E-02   1.00000000    
  0.719990730       8.28687549E-02   1.00000000    
  0.799990714       8.32531303E-02   1.00000000    
  0.879990697       8.33531246E-02   1.00000000    
  0.959990680       8.44062492E-02   1.00000000    
   1.03999066       8.35874975E-02   1.00000000    
   1.11999071       8.31031278E-02   1.00000000    
   1.19999075       8.26718733E-02   1.00000000    
   1.27999079       8.36968794E-02   1.00000000    
   1.35999084       8.36406276E-02   1.00000000    
   1.43999088       8.35718811E-02   1.00000000    
   1.51999092       8.32843781E-02   1.00000000    
   1.59999096       8.32562521E-02   1.00000000    
   1.67999101       8.37187544E-02   1.00000000    
   1.75999105       8.32937509E-02   1.00000000    
   1.83999109       8.38468745E-02   1.00000000    
   1.91999114       8.34312513E-02   1.00000000    
   1.99999118       8.34624991E-02   1.00000000    
   2.07999110       8.45593736E-02   1.00000000    
   2.15999103       8.40250030E-02   1.00000000    
   2.23999095       8.33156258E-02   1.00000000    
   2.31999087       8.36406276E-02   1.00000000    
   2.39999080       8.29281211E-02   1.00000000    
   2.47999072       8.26531276E-02   1.00000000    
   2.55999064       8.30781236E-02   1.00000000    
   2.63999057       8.27468783E-02   1.00000000    
   2.71999049       8.29593763E-02   1.00000000    
   2.79999042       8.27343762E-02   1.00000000    
   2.87999034       8.38656276E-02   1.00000000    
   2.95999026       8.31593797E-02   1.00000000    
   3.03999019       8.35218802E-02   1.00000000    
   3.11999011       8.33500028E-02   1.00000000    
   3.19999003       8.24781284E-02   1.00000000    
   3.27998996       8.35812464E-02   1.00000000    
   3.35998988       8.44812542E-02   1.00000000    
   3.43998981       8.27625021E-02   1.00000000    
   3.51998973       8.30031261E-02   1.00000000    
   3.59998965       8.35874975E-02   1.00000000    
   3.67998958       8.29375014E-02   1.00000000    
   3.75998950       8.32468718E-02   1.00000000    
   3.83998942       8.36031288E-02   1.00000000    
   3.91998935       8.37187544E-02   1.00000000    
   3.99998927       8.40656236E-02   1.00000000    
   4.07998943       8.44968781E-02   1.00000000    
   4.15998936       8.40312541E-02   1.00000000    
   4.23998928       8.33749995E-02   1.00000000    
   4.31998920       8.35750028E-02   1.00000000    
   4.39998913       8.39968771E-02   1.00000000    
   4.47998905       8.37531239E-02   1.00000000    
   4.55998898       8.31093788E-02   1.00000000    
   4.63998890       8.34343731E-02   1.00000000    
   4.71998882       8.33937526E-02   1.00000000    
   4.79998875       8.30624998E-02   1.00000000    
   4.87998867       8.35000053E-02   1.00000000    
   4.95998859       8.30781236E-02   1.00000000    
   5.03998852       8.22906271E-02   1.00000000    
   5.11998844       8.24093744E-02   1.00000000    
   5.19998837       8.26999992E-02   1.00000000    
   5.27998829       8.33749995E-02   1.00000000    
   5.35998821       8.36937502E-02   1.00000000    
   5.43998814       8.39875042E-02   1.00000000    
   5.51998806       8.26625004E-02   1.00000000    
   5.59998798       8.32812563E-02   1.00000000    
   5.67998791       8.30406249E-02   1.00000000    
   5.75998783       8.28218758E-02   1.00000000    
   5.83998775       8.36281255E-02   1.00000000    
   5.91998768       8.29718783E-02   1.00000000    
   5.99998760       0.00000000                  NaN
   6.07998753       0.00000000                  NaN
   6.15998745       0.00000000                  NaN
   6.23998737       0.00000000                  NaN
   6.31998730       0.00000000                  NaN
   6.39998722       0.00000000                  NaN
   6.47998714       0.00000000                  NaN
   6.55998707       0.00000000                  NaN
   6.63998699       0.00000000                  NaN
   6.71998692       0.00000000                  NaN
   6.79998684       0.00000000                  NaN
   6.87998676       0.00000000                  NaN
   6.95998669       0.00000000                  NaN
   7.03998661       0.00000000                  NaN
   7.11998653       0.00000000                  NaN
   7.19998646       0.00000000                  NaN
   7.27998638       0.00000000                  NaN
   7.35998631       0.00000000                  NaN
   7.43998623       0.00000000                  NaN
   7.51998615       0.00000000                  NaN
   7.59998608       0.00000000                  NaN
   7.67998600       0.00000000                  NaN
   7.75998592       0.00000000                  NaN
   7.83998585       0.00000000                  NaN
   7.91998577       0.00000000                  NaN
   7.99998569       0.00000000                  NaN
   8.07998562       0.00000000                  NaN
   8.15998554       0.00000000                  NaN
   8.23998547       0.00000000                  NaN
   8.31998539       0.00000000                  NaN
   8.39998531       0.00000000                  NaN
   8.47998524       0.00000000                  NaN
   8.55998516       0.00000000                  NaN
   8.63998508       0.00000000                  NaN
   8.71998501       0.00000000                  NaN
   8.79998493       0.00000000                  NaN
   8.87998486       0.00000000                  NaN
   8.95998478       0.00000000                  NaN
   9.03998470       0.00000000                  NaN
   9.11998463       0.00000000                  NaN
   9.19998455       0.00000000                  NaN
   9.27998447       0.00000000                  NaN
   9.35998440       0.00000000                  NaN
   9.43998432       0.00000000                  NaN
   9.51998425       0.00000000                  NaN
   9.59998417       0.00000000                  NaN
   9.67998409       0.00000000                  NaN
   9.75998402       0.00000000                  NaN
   9.83998394       0.00000000                  NaN
   9.91998386       0.00000000                  NaN
   9.99998379       0.00000000                  NaN
   10.0799837       0.00000000                  NaN
   10.1599836       0.00000000                  NaN
   10.2399836       0.00000000                  NaN
   10.3199835       0.00000000                  NaN
   10.3999834       0.00000000                  NaN
   10.4799833       0.00000000                  NaN
   10.5599833       0.00000000                  NaN
   10.6399832       0.00000000                  NaN
   10.7199831       0.00000000                  NaN
   10.7999830       0.00000000                  NaN
   10.8799829       0.00000000                  NaN
   10.9599829       0.00000000                  NaN
   11.0399828       0.00000000                  NaN
   11.1199827       0.00000000                  NaN
   11.1999826       0.00000000                  NaN
   11.2799826       0.00000000                  NaN
   11.3599825       0.00000000                  NaN
   11.4399824       0.00000000                  NaN
   11.5199823       0.00000000                  NaN
   11.5999823       0.00000000                  NaN
   11.6799822       0.00000000                  NaN
   11.7599821       0.00000000                  NaN
   11.8399820       0.00000000                  NaN
   11.9199820       0.00000000                  NaN
