  -2.72117209       0.00000000    
 -0.814440489      0.223167956    
  -2.93104982       2.68319808E-02
 -0.814440489      0.223167956    
  -2.93104982       2.68319808E-02
  -1.02431810       0.00000000    
  -1.02431810       0.00000000    
   0.00000000       0.00000000    
  -1.02431822       0.00000000    
  -3.74897647       0.00000000    
  -5.32397842       0.00000000    
  -2.11758661       0.00000000    
  -4.23419571       0.00000000    
  -2.11758661       0.00000000    
  -4.23419571       0.00000000    
  -5.32746410       0.00000000    
   2.72117209       0.00000000    
  0.814440489       0.00000000    
   2.93104982       0.00000000    
  0.814440489       0.00000000    
   2.93104982       0.00000000    
   1.02431810       0.00000000    
   1.02431810       0.00000000    
   0.00000000       0.00000000    
   1.02431822       0.00000000    
   3.74897647       0.00000000    
   5.32397842       0.00000000    
   2.11758661      0.223167956    
   4.23419571       2.68319808E-02
   2.11758661      0.110696912    
   4.23419571       5.41387033E-03
   5.32746410       0.00000000    
