n_up, n_dn:   10  10
Site_energies:  -1.00000000       0.00000000       0.00000000      -1.00000000       0.00000000       0.00000000      -1.00000000       0.00000000       0.00000000      -1.00000000       0.00000000       0.00000000    
Energy:    32.0000000    
 Eigenvector:
 0.608529719E-06
-0.113574494E-01
 0.429531592E-02
 0.398813886E-02
 0.113631850E-01
-0.495653263E-04
 0.833302011E-02
-0.223972752E-01
-0.429531592E-02
 0.833302011E-02
-0.134857556E-01
-0.113574494E-01
 0.833302011E-02
-0.495653277E-04
 0.223972752E-01
 0.398813886E-02
 0.429531592E-02
-0.113631850E-01
-0.833302011E-02
 0.429531592E-02
-0.134857556E-01
-0.232512063E-01
 0.232512063E-01
-0.246245572E-01
-0.232512063E-01
 0.232512063E-01
-0.246245572E-01
 0.232512063E-01
 0.232512063E-01
 0.218019255E-14
 0.180139774E-01
 0.138447354E-01
-0.429461829E-02
 0.223085957E-01
 0.179277051E-02
-0.582841269E-14
 0.223085957E-01
-0.137410009E-01
-0.206752878E-01
-0.137193591E-01
-0.429461829E-02
-0.862332290E-02
 0.180139774E-01
-0.429461829E-02
 0.137410009E-01
 0.862332290E-02
-0.179277051E-02
 0.594108039E-01
 0.138447354E-01
-0.179277051E-02
 0.682342316E-02
 0.180139774E-01
-0.206752878E-01
-0.429461829E-02
 0.180139774E-01
-0.137410009E-01
 0.138447354E-01
 0.223085957E-01
-0.639760879E-14
 0.137410009E-01
 0.179277051E-02
-0.138447354E-01
 0.682342317E-02
-0.223085957E-01
 0.137410009E-01
 0.137410009E-01
-0.113574494E-01
-0.161684117E-02
 0.409766313E-02
-0.233230815E-01
 0.329643723E-01
 0.508938911E-02
-0.243148075E-01
-0.613227612E-01
-0.409766313E-02
-0.243148075E-01
-0.119729101E-02
 0.723250089E-02
-0.119207121E-01
-0.440923774E-02
-0.452605573E-02
-0.276604440E-01
 0.113304942E-01
-0.200985015E-01
 0.119207121E-01
 0.113304942E-01
 0.498938848E-02
 0.223744824E-01
-0.128071048E-01
 0.489235472E-01
 0.240959119E-01
-0.145285343E-01
 0.178526576E-01
-0.223744824E-01
-0.145285343E-01
 0.143941840E-01
 0.488925566E-02
 0.159375698E-02
-0.194437877E-02
 0.683363443E-02
-0.121427237E-01
-0.114995136E-14
 0.683363443E-02
 0.156066055E-01
 0.527285141E-02
 0.351217254E-02
-0.840142820E-02
 0.504745812E-01
 0.488925566E-02
-0.840142820E-02
-0.255159437E-01
-0.899217320E-02
 0.212556481E-02
-0.532799610E-01
 0.159375698E-02
 0.212556481E-02
-0.163170326E-02
-0.156779378E-02
 0.246239543E-01
-0.194437877E-02
-0.156779378E-02
 0.476154492E-02
 0.137079032E-01
 0.683363443E-02
 0.449333279E-15
-0.146708831E-01
-0.121427237E-01
-0.137079032E-01
-0.107066442E-02
-0.683363443E-02
-0.156066055E-01
-0.146708831E-01
 0.429531592E-02
 0.409766313E-02
 0.304580063E-02
-0.114101619E-01
-0.243412827E-02
 0.473986095E-02
-0.131042222E-01
-0.239812116E-01
-0.304580063E-02
-0.131042222E-01
-0.126682100E-02
 0.113304942E-01
-0.339056902E-02
 0.431534834E-02
-0.349217144E-02
-0.394954168E-02
 0.487432101E-02
 0.720607072E-02
 0.339056902E-02
 0.487432101E-02
 0.495362470E-03
-0.701392026E-02
 0.841934455E-02
 0.842134622E-02
-0.467343174E-02
 0.607885603E-02
-0.130172642E-01
 0.701392026E-02
 0.607885603E-02
 0.899210101E-02
 0.190055507E-02
 0.100540182E-02
 0.499244388E-03
 0.140131069E-02
-0.555936168E-02
 0.291585921E-14
 0.140131069E-02
 0.358389040E-02
 0.207506957E-02
-0.903623845E-02
 0.713568337E-02
 0.150823895E-01
 0.190055508E-02
 0.713568337E-02
-0.347978208E-02
 0.171895193E-02
-0.479942332E-02
-0.258252857E-01
 0.100540182E-02
-0.479942332E-02
-0.271320091E-02
 0.853699406E-02
 0.885538318E-02
 0.499244388E-03
 0.853699406E-02
 0.311369087E-02
 0.667644606E-03
 0.140131069E-02
-0.146078377E-14
-0.300958256E-02
-0.555936168E-02
-0.667644606E-03
-0.286548989E-02
-0.140131069E-02
-0.358389039E-02
-0.300958256E-02
 0.398813886E-02
-0.233230815E-01
-0.114101619E-01
 0.691196238E-02
 0.890526283E-02
 0.325644582E-02
-0.775464533E-02
 0.381511970E-01
 0.114101619E-01
-0.775464533E-02
 0.169712579E-01
-0.276604440E-01
-0.136986291E-01
 0.325644582E-02
-0.213481352E-01
-0.649264158E-02
-0.394954168E-02
 0.108036836E-01
 0.136986291E-01
-0.394954168E-02
 0.336304956E-01
 0.353008889E-02
-0.428839210E-02
-0.312597388E-01
-0.728720783E-04
-0.685431129E-03
 0.680833740E-01
-0.353008889E-02
-0.685431129E-03
-0.128307892E-01
-0.245948939E-01
-0.167432974E-02
-0.627404225E-02
-0.183208517E-01
 0.257641819E-01
-0.734446397E-14
-0.183208517E-01
 0.486510891E-03
-0.781984567E-02
 0.338283587E-01
-0.923346475E-02
-0.302990472E-01
-0.245948939E-01
-0.923346475E-02
 0.425639952E-02
 0.217488351E-01
-0.122546597E-01
 0.338383426E-01
-0.167432974E-02
-0.122546597E-01
-0.155943874E-01
-0.275543164E-01
-0.611852346E-02
-0.627404225E-02
-0.275543164E-01
 0.110771067E-01
 0.158365808E-02
-0.183208517E-01
 0.164384918E-13
-0.633419628E-02
 0.257641819E-01
-0.158365808E-02
-0.899531799E-02
 0.183208517E-01
-0.486510890E-03
-0.633419628E-02
 0.113631850E-01
 0.329643723E-01
-0.243412826E-02
 0.890526282E-02
-0.389864008E-01
-0.977067089E-03
 0.744820166E-02
-0.158947347E-01
 0.243412826E-02
 0.744820166E-02
 0.267872893E-01
 0.200985015E-01
-0.173369068E-01
-0.672847452E-03
-0.162726413E-01
-0.108036836E-01
-0.720607072E-02
 0.617660046E-01
 0.173369068E-01
-0.720607072E-02
 0.174676408E-01
 0.682758924E-02
-0.365325902E-01
-0.957488922E-02
-0.329369388E-01
 0.323193788E-02
 0.142089313E-01
-0.682758924E-02
 0.323193788E-02
-0.316960241E-01
-0.374939932E-02
-0.189717759E-02
-0.301203519E-02
-0.737364132E-03
-0.210488709E-01
 0.569668038E-14
-0.737364132E-03
 0.319623542E-02
 0.156031248E-01
 0.175494852E-01
-0.138000859E-01
 0.367686374E-01
-0.374939932E-02
-0.138000859E-01
-0.148545230E-01
-0.253292136E-01
 0.116232665E-01
-0.278785650E-01
-0.189717759E-02
 0.116232665E-01
-0.443833250E-01
-0.145374500E-01
 0.278204390E-01
-0.301203519E-02
-0.145374500E-01
-0.912710917E-02
-0.121006726E-01
-0.737364133E-03
 0.174138005E-13
-0.253117843E-02
-0.210488709E-01
 0.121006726E-01
-0.833165108E-02
 0.737364132E-03
-0.319623542E-02
-0.253117843E-02
-0.495653251E-04
 0.508938912E-02
 0.473986095E-02
 0.325644582E-02
-0.977067090E-03
 0.140035057E-01
-0.600719889E-02
 0.103473107E-02
-0.473986095E-02
-0.600719889E-02
 0.165141369E-01
-0.440923773E-02
 0.345076606E-03
 0.722671756E-02
-0.194270065E-01
 0.325644583E-02
 0.431534834E-02
 0.672847445E-03
-0.345076606E-03
 0.431534834E-02
 0.198894947E-01
-0.272905297E-02
-0.358504462E-02
-0.239447656E-01
-0.135956550E-02
-0.495453210E-02
-0.117730954E-01
 0.272905297E-02
-0.495453210E-02
-0.196263616E-02
 0.276219619E-02
-0.473098711E-02
 0.473993788E-02
-0.197774169E-02
 0.101167168E-01
-0.383957095E-14
-0.197774169E-02
 0.251255923E-02
-0.419934991E-02
-0.100621827E-01
 0.729998652E-02
-0.150391326E-01
 0.276219619E-02
 0.729998652E-02
-0.332544320E-02
 0.193723926E-01
-0.104420556E-01
 0.238143494E-01
-0.473098711E-02
-0.104420556E-01
-0.199833750E-01
 0.532224483E-02
-0.177485269E-02
 0.473993788E-02
 0.532224483E-02
-0.369540787E-03
-0.314756310E-02
-0.197774169E-02
-0.108592917E-14
-0.443343189E-03
 0.101167168E-01
 0.314756310E-02
-0.152322351E-01
 0.197774169E-02
-0.251255923E-02
-0.443343189E-03
 0.833302011E-02
-0.243148075E-01
-0.131042222E-01
-0.775464533E-02
 0.744820166E-02
-0.600719889E-02
-0.148516687E-01
 0.131352543E-01
 0.131042222E-01
-0.148516687E-01
-0.809700024E-03
-0.119207121E-01
-0.174342747E-01
 0.345076606E-03
-0.541330021E-02
-0.136986291E-01
-0.339056902E-02
 0.173369068E-01
 0.174342747E-01
-0.339056902E-02
 0.142363633E-01
-0.754778401E-03
 0.771599707E-02
 0.110637307E-02
-0.338673832E-02
 0.103479570E-01
 0.668392052E-01
 0.754778401E-03
 0.103479570E-01
-0.187605202E-02
-0.254565350E-01
 0.406205919E-02
-0.105147357E-01
-0.149417993E-01
 0.100881034E-01
-0.219202498E-14
-0.149417993E-01
 0.155784206E-02
-0.154542619E-02
 0.348543030E-01
-0.939776790E-02
-0.177525158E-03
-0.254565350E-01
-0.939776790E-02
 0.410206064E-02
 0.409539445E-02
-0.661202745E-02
-0.158012925E-01
 0.406205919E-02
-0.661202745E-02
 0.167578670E-02
-0.243395672E-01
 0.451171241E-02
-0.105147357E-01
-0.243395672E-01
 0.145603383E-01
 0.539886579E-02
-0.149417993E-01
 0.506181789E-15
-0.890043565E-02
 0.100881034E-01
-0.539886579E-02
 0.337142721E-02
 0.149417993E-01
-0.155784206E-02
-0.890043565E-02
-0.223972752E-01
-0.613227612E-01
-0.239812116E-01
 0.381511970E-01
-0.158947347E-01
 0.103473106E-02
 0.131352543E-01
-0.560065561E-01
 0.239812116E-01
 0.131352543E-01
-0.298820689E-01
 0.452605573E-02
 0.541330021E-02
 0.194270065E-01
 0.235520067E-02
 0.213481352E-01
 0.349217144E-02
-0.162726413E-01
-0.541330021E-02
 0.349217144E-02
-0.106442176E-01
-0.874540537E-03
 0.176087927E-01
 0.674888923E-01
-0.363970497E-01
 0.531313019E-01
-0.225657131E-01
 0.874540537E-03
 0.531313019E-01
 0.198715228E-01
 0.106817924E-01
 0.477641479E-02
 0.126133364E-02
 0.942045875E-02
-0.307683443E-01
 0.193960222E-15
 0.942045875E-02
-0.831347045E-02
 0.293029478E-02
-0.892060915E-02
-0.176118324E-02
 0.434274725E-01
 0.106817924E-01
-0.176118324E-02
 0.700100929E-02
-0.400608960E-02
-0.370061997E-02
 0.330728636E-01
 0.477641479E-02
-0.370061997E-02
 0.258617351E-01
 0.765927551E-02
 0.576039278E-02
 0.126133364E-02
 0.765927551E-02
-0.837601422E-02
 0.689873544E-02
 0.942045875E-02
-0.401229691E-14
 0.706355306E-02
-0.307683443E-01
-0.689873544E-02
-0.630059027E-02
-0.942045875E-02
 0.831347045E-02
 0.706355306E-02
-0.429531592E-02
-0.409766313E-02
-0.304580063E-02
 0.114101619E-01
 0.243412827E-02
-0.473986095E-02
 0.131042222E-01
 0.239812116E-01
 0.304580063E-02
 0.131042222E-01
 0.126682100E-02
-0.113304942E-01
 0.339056901E-02
-0.431534834E-02
 0.349217144E-02
 0.394954168E-02
-0.487432101E-02
-0.720607072E-02
-0.339056901E-02
-0.487432101E-02
-0.495362470E-03
 0.701392026E-02
-0.841934455E-02
-0.842134622E-02
 0.467343174E-02
-0.607885603E-02
 0.130172642E-01
-0.701392026E-02
-0.607885603E-02
-0.899210101E-02
-0.190055507E-02
-0.100540182E-02
-0.499244389E-03
-0.140131069E-02
 0.555936168E-02
-0.295420256E-14
-0.140131069E-02
-0.358389040E-02
-0.207506957E-02
 0.903623845E-02
-0.713568337E-02
-0.150823895E-01
-0.190055507E-02
-0.713568337E-02
 0.347978208E-02
-0.171895193E-02
 0.479942332E-02
 0.258252857E-01
-0.100540182E-02
 0.479942332E-02
 0.271320091E-02
-0.853699406E-02
-0.885538318E-02
-0.499244389E-03
-0.853699406E-02
-0.311369087E-02
-0.667644606E-03
-0.140131069E-02
 0.932801002E-14
 0.300958256E-02
 0.555936168E-02
 0.667644606E-03
 0.286548989E-02
 0.140131069E-02
 0.358389040E-02
 0.300958256E-02
 0.833302011E-02
-0.243148075E-01
-0.131042222E-01
-0.775464533E-02
 0.744820166E-02
-0.600719889E-02
-0.148516687E-01
 0.131352543E-01
 0.131042222E-01
-0.148516687E-01
-0.809700024E-03
-0.119207121E-01
-0.174342747E-01
 0.345076606E-03
-0.541330021E-02
-0.136986291E-01
-0.339056901E-02
 0.173369068E-01
 0.174342747E-01
-0.339056901E-02
 0.142363633E-01
-0.754778401E-03
 0.771599707E-02
 0.110637307E-02
-0.338673832E-02
 0.103479570E-01
 0.668392052E-01
 0.754778401E-03
 0.103479570E-01
-0.187605202E-02
-0.254565350E-01
 0.406205919E-02
-0.105147357E-01
-0.149417993E-01
 0.100881034E-01
 0.291325817E-15
-0.149417993E-01
 0.155784206E-02
-0.154542619E-02
 0.348543030E-01
-0.939776790E-02
-0.177525159E-03
-0.254565350E-01
-0.939776790E-02
 0.410206064E-02
 0.409539445E-02
-0.661202745E-02
-0.158012925E-01
 0.406205919E-02
-0.661202745E-02
 0.167578670E-02
-0.243395672E-01
 0.451171241E-02
-0.105147357E-01
-0.243395672E-01
 0.145603383E-01
 0.539886579E-02
-0.149417993E-01
 0.641152447E-15
-0.890043565E-02
 0.100881034E-01
-0.539886579E-02
 0.337142721E-02
 0.149417993E-01
-0.155784206E-02
-0.890043565E-02
-0.134857556E-01
-0.119729101E-02
-0.126682100E-02
 0.169712579E-01
 0.267872893E-01
 0.165141369E-01
-0.809700025E-03
-0.298820689E-01
 0.126682100E-02
-0.809700025E-03
-0.832356162E-03
 0.498938848E-02
 0.142363633E-01
 0.198894947E-01
 0.106442176E-01
 0.336304956E-01
 0.495362470E-03
-0.174676408E-01
-0.142363633E-01
 0.495362470E-03
-0.333274040E-01
-0.661450454E-02
 0.126851545E-01
-0.300643208E-01
-0.672418108E-02
 0.127948310E-01
 0.209421872E-01
 0.661450454E-02
 0.127948310E-01
 0.564375355E-02
 0.396629297E-02
 0.590943632E-02
-0.601131647E-03
 0.456742462E-02
-0.544798057E-02
 0.471404903E-14
 0.456742462E-02
-0.240085432E-02
 0.739864398E-03
-0.144025499E-01
 0.104362569E-01
 0.159963273E-01
 0.396629297E-02
 0.104362569E-01
-0.934078234E-02
-0.108562659E-01
 0.420696513E-02
 0.341933862E-01
 0.590943632E-02
 0.420696513E-02
 0.100312729E-01
 0.150036815E-01
 0.685622087E-02
-0.601131647E-03
 0.150036815E-01
-0.262382928E-01
 0.369212585E-02
 0.456742462E-02
-0.196313042E-15
 0.144966561E-01
-0.544798057E-02
-0.369212585E-02
 0.908781751E-02
-0.456742462E-02
 0.240085432E-02
 0.144966561E-01
-0.113574494E-01
 0.723250089E-02
 0.113304942E-01
-0.276604440E-01
 0.200985015E-01
-0.440923774E-02
-0.119207121E-01
 0.452605573E-02
-0.113304942E-01
-0.119207121E-01
 0.498938849E-02
-0.161684117E-02
-0.243148075E-01
 0.508938911E-02
 0.613227612E-01
-0.233230815E-01
 0.409766313E-02
-0.329643723E-01
 0.243148075E-01
 0.409766313E-02
-0.119729101E-02
 0.145285343E-01
-0.240959119E-01
 0.178526576E-01
 0.128071048E-01
-0.223744824E-01
 0.489235472E-01
-0.145285343E-01
-0.223744824E-01
-0.143941839E-01
-0.156779378E-02
 0.137079032E-01
-0.840142820E-02
 0.683363443E-02
-0.212556481E-02
-0.469989749E-14
 0.683363443E-02
 0.146708831E-01
 0.246239543E-01
 0.351217254E-02
-0.194437877E-02
 0.899217320E-02
-0.156779378E-02
-0.194437877E-02
-0.476154492E-02
-0.504745812E-01
 0.121427237E-01
-0.532799610E-01
 0.137079032E-01
 0.121427237E-01
-0.107066442E-02
 0.488925566E-02
 0.527285141E-02
-0.840142820E-02
 0.488925566E-02
 0.255159437E-01
 0.159375698E-02
 0.683363443E-02
 0.946823382E-15
-0.156066055E-01
-0.212556481E-02
-0.159375698E-02
-0.163170326E-02
-0.683363443E-02
-0.146708831E-01
-0.156066055E-01
 0.833302011E-02
-0.119207121E-01
-0.339056902E-02
-0.136986291E-01
-0.173369068E-01
 0.345076606E-03
-0.174342747E-01
 0.541330021E-02
 0.339056902E-02
-0.174342747E-01
 0.142363633E-01
-0.243148075E-01
-0.148516687E-01
-0.600719889E-02
-0.131352543E-01
-0.775464533E-02
-0.131042222E-01
-0.744820166E-02
 0.148516687E-01
-0.131042222E-01
-0.809700024E-03
-0.103479570E-01
 0.338673832E-02
 0.668392052E-01
-0.771599707E-02
 0.754778401E-03
 0.110637307E-02
 0.103479570E-01
 0.754778401E-03
 0.187605202E-02
-0.243395672E-01
 0.539886579E-02
-0.939776790E-02
-0.149417993E-01
 0.661202745E-02
-0.209389533E-14
-0.149417993E-01
 0.890043565E-02
 0.451171241E-02
 0.348543030E-01
-0.105147357E-01
-0.409539445E-02
-0.243395672E-01
-0.105147357E-01
-0.145603383E-01
 0.177525158E-03
-0.100881034E-01
-0.158012925E-01
 0.539886579E-02
-0.100881034E-01
 0.337142721E-02
-0.254565350E-01
-0.154542619E-02
-0.939776790E-02
-0.254565350E-01
-0.410206064E-02
 0.406205919E-02
-0.149417993E-01
-0.106161557E-14
-0.155784206E-02
 0.661202745E-02
-0.406205919E-02
 0.167578670E-02
 0.149417993E-01
-0.890043565E-02
-0.155784206E-02
-0.495653235E-04
-0.440923774E-02
 0.431534834E-02
 0.325644583E-02
-0.672847445E-03
 0.722671756E-02
 0.345076607E-03
 0.194270065E-01
-0.431534835E-02
 0.345076607E-03
 0.198894947E-01
 0.508938911E-02
-0.600719889E-02
 0.140035057E-01
-0.103473107E-02
 0.325644583E-02
 0.473986095E-02
 0.977067091E-03
 0.600719889E-02
 0.473986095E-02
 0.165141369E-01
 0.495453209E-02
 0.135956550E-02
-0.117730954E-01
 0.358504462E-02
 0.272905297E-02
-0.239447656E-01
-0.495453209E-02
 0.272905297E-02
 0.196263616E-02
 0.532224483E-02
-0.314756310E-02
 0.729998652E-02
-0.197774169E-02
 0.104420556E-01
 0.368874886E-14
-0.197774169E-02
 0.443343189E-03
-0.177485269E-02
-0.100621827E-01
 0.473993788E-02
-0.193723926E-01
 0.532224483E-02
 0.473993788E-02
 0.369540787E-03
 0.150391326E-01
-0.101167168E-01
 0.238143494E-01
-0.314756310E-02
-0.101167168E-01
-0.152322351E-01
 0.276219619E-02
-0.419934991E-02
 0.729998652E-02
 0.276219619E-02
 0.332544320E-02
-0.473098711E-02
-0.197774169E-02
-0.419843733E-16
-0.251255923E-02
 0.104420556E-01
 0.473098711E-02
-0.199833750E-01
 0.197774169E-02
-0.443343189E-03
-0.251255923E-02
 0.223972752E-01
-0.452605573E-02
-0.349217144E-02
-0.213481352E-01
-0.162726413E-01
-0.194270065E-01
-0.541330021E-02
 0.235520067E-02
 0.349217144E-02
-0.541330021E-02
 0.106442176E-01
 0.613227612E-01
-0.131352543E-01
-0.103473107E-02
-0.560065561E-01
-0.381511970E-01
 0.239812116E-01
-0.158947347E-01
 0.131352543E-01
 0.239812116E-01
 0.298820689E-01
 0.531313019E-01
-0.363970497E-01
 0.225657131E-01
 0.176087927E-01
-0.874540538E-03
-0.674888923E-01
-0.531313019E-01
-0.874540538E-03
 0.198715228E-01
-0.765927551E-02
-0.689873544E-02
 0.176118324E-02
-0.942045875E-02
-0.370061997E-02
 0.159354364E-14
-0.942045875E-02
 0.706355306E-02
-0.576039279E-02
 0.892060915E-02
-0.126133364E-02
-0.400608960E-02
-0.765927551E-02
-0.126133364E-02
-0.837601422E-02
 0.434274725E-01
-0.307683443E-01
-0.330728636E-01
-0.689873544E-02
-0.307683443E-01
 0.630059027E-02
-0.106817924E-01
-0.293029478E-02
 0.176118324E-02
-0.106817924E-01
 0.700100929E-02
-0.477641479E-02
-0.942045875E-02
-0.174278046E-13
-0.831347045E-02
-0.370061997E-02
 0.477641479E-02
-0.258617351E-01
 0.942045875E-02
-0.706355306E-02
-0.831347045E-02
 0.398813886E-02
-0.276604440E-01
-0.394954168E-02
-0.649264158E-02
-0.108036836E-01
 0.325644583E-02
-0.136986291E-01
 0.213481352E-01
 0.394954168E-02
-0.136986291E-01
 0.336304956E-01
-0.233230815E-01
-0.775464533E-02
 0.325644582E-02
-0.381511970E-01
 0.691196238E-02
-0.114101619E-01
-0.890526283E-02
 0.775464533E-02
-0.114101619E-01
 0.169712579E-01
 0.685431128E-03
 0.728720783E-04
 0.680833740E-01
 0.428839210E-02
-0.353008889E-02
-0.312597388E-01
-0.685431129E-03
-0.353008889E-02
 0.128307892E-01
-0.275543164E-01
 0.158365808E-02
-0.923346475E-02
-0.183208517E-01
 0.122546597E-01
 0.129314341E-13
-0.183208517E-01
 0.633419628E-02
-0.611852346E-02
 0.338283587E-01
-0.627404225E-02
-0.217488351E-01
-0.275543164E-01
-0.627404225E-02
-0.110771067E-01
 0.302990472E-01
-0.257641819E-01
 0.338383426E-01
 0.158365808E-02
-0.257641819E-01
-0.899531799E-02
-0.245948939E-01
-0.781984567E-02
-0.923346475E-02
-0.245948939E-01
-0.425639952E-02
-0.167432974E-02
-0.183208517E-01
 0.165787748E-14
-0.486510890E-03
 0.122546597E-01
 0.167432974E-02
-0.155943874E-01
 0.183208517E-01
-0.633419628E-02
-0.486510890E-03
 0.429531592E-02
 0.113304942E-01
 0.487432101E-02
-0.394954168E-02
-0.720607072E-02
 0.431534834E-02
-0.339056901E-02
 0.349217144E-02
-0.487432101E-02
-0.339056901E-02
 0.495362470E-03
 0.409766313E-02
-0.131042222E-01
 0.473986095E-02
 0.239812116E-01
-0.114101619E-01
 0.304580063E-02
 0.243412827E-02
 0.131042222E-01
 0.304580063E-02
-0.126682100E-02
-0.607885603E-02
 0.467343174E-02
-0.130172642E-01
-0.841934455E-02
 0.701392026E-02
 0.842134622E-02
 0.607885603E-02
 0.701392026E-02
-0.899210101E-02
 0.853699406E-02
 0.667644606E-03
 0.713568337E-02
 0.140131068E-02
 0.479942332E-02
-0.237504864E-14
 0.140131068E-02
 0.300958256E-02
 0.885538318E-02
-0.903623845E-02
 0.499244388E-03
-0.171895193E-02
 0.853699406E-02
 0.499244388E-03
-0.311369087E-02
-0.150823895E-01
 0.555936168E-02
-0.258252857E-01
 0.667644606E-03
 0.555936168E-02
-0.286548989E-02
 0.190055507E-02
 0.207506957E-02
 0.713568337E-02
 0.190055507E-02
 0.347978208E-02
 0.100540182E-02
 0.140131069E-02
 0.305024840E-14
-0.358389039E-02
 0.479942332E-02
-0.100540182E-02
-0.271320091E-02
-0.140131069E-02
-0.300958256E-02
-0.358389040E-02
-0.113631850E-01
-0.200985015E-01
 0.720607072E-02
 0.108036836E-01
 0.617660046E-01
 0.672847446E-03
 0.173369069E-01
-0.162726413E-01
-0.720607072E-02
 0.173369069E-01
-0.174676408E-01
-0.329643723E-01
-0.744820166E-02
 0.977067090E-03
-0.158947347E-01
-0.890526283E-02
 0.243412826E-02
-0.389864008E-01
 0.744820166E-02
 0.243412826E-02
-0.267872893E-01
 0.323193788E-02
-0.329369388E-01
-0.142089313E-01
-0.365325902E-01
 0.682758924E-02
 0.957488922E-02
-0.323193788E-02
 0.682758924E-02
-0.316960241E-01
 0.145374500E-01
 0.121006726E-01
 0.138000859E-01
 0.737364133E-03
 0.116232665E-01
 0.132261858E-13
 0.737364133E-03
-0.253117843E-02
-0.278204390E-01
-0.175494852E-01
 0.301203518E-02
-0.253292136E-01
 0.145374500E-01
 0.301203518E-02
-0.912710917E-02
 0.367686374E-01
-0.210488709E-01
 0.278785650E-01
 0.121006726E-01
-0.210488709E-01
 0.833165108E-02
 0.374939932E-02
-0.156031248E-01
 0.138000859E-01
 0.374939932E-02
-0.148545230E-01
 0.189717759E-02
 0.737364131E-03
-0.148104963E-14
 0.319623542E-02
 0.116232665E-01
-0.189717759E-02
 0.443833250E-01
-0.737364131E-03
 0.253117843E-02
 0.319623542E-02
-0.833302011E-02
 0.119207121E-01
 0.339056901E-02
 0.136986291E-01
 0.173369069E-01
-0.345076606E-03
 0.174342747E-01
-0.541330021E-02
-0.339056901E-02
 0.174342747E-01
-0.142363633E-01
 0.243148075E-01
 0.148516687E-01
 0.600719889E-02
 0.131352543E-01
 0.775464533E-02
 0.131042222E-01
 0.744820166E-02
-0.148516687E-01
 0.131042222E-01
 0.809700025E-03
 0.103479570E-01
-0.338673832E-02
-0.668392052E-01
 0.771599707E-02
-0.754778401E-03
-0.110637307E-02
-0.103479570E-01
-0.754778401E-03
-0.187605202E-02
 0.243395672E-01
-0.539886579E-02
 0.939776790E-02
 0.149417993E-01
-0.661202745E-02
-0.462030240E-15
 0.149417993E-01
-0.890043565E-02
-0.451171241E-02
-0.348543030E-01
 0.105147357E-01
 0.409539445E-02
 0.243395672E-01
 0.105147357E-01
 0.145603383E-01
-0.177525158E-03
 0.100881034E-01
 0.158012925E-01
-0.539886579E-02
 0.100881034E-01
-0.337142721E-02
 0.254565350E-01
 0.154542619E-02
 0.939776790E-02
 0.254565350E-01
 0.410206064E-02
-0.406205919E-02
 0.149417993E-01
-0.941826470E-16
 0.155784206E-02
-0.661202745E-02
 0.406205919E-02
-0.167578670E-02
-0.149417993E-01
 0.890043565E-02
 0.155784206E-02
 0.429531592E-02
 0.113304942E-01
 0.487432101E-02
-0.394954169E-02
-0.720607072E-02
 0.431534834E-02
-0.339056901E-02
 0.349217144E-02
-0.487432101E-02
-0.339056901E-02
 0.495362470E-03
 0.409766313E-02
-0.131042222E-01
 0.473986095E-02
 0.239812116E-01
-0.114101619E-01
 0.304580063E-02
 0.243412827E-02
 0.131042222E-01
 0.304580063E-02
-0.126682100E-02
-0.607885603E-02
 0.467343174E-02
-0.130172642E-01
-0.841934455E-02
 0.701392026E-02
 0.842134622E-02
 0.607885603E-02
 0.701392026E-02
-0.899210101E-02
 0.853699406E-02
 0.667644606E-03
 0.713568337E-02
 0.140131069E-02
 0.479942332E-02
 0.570327567E-16
 0.140131069E-02
 0.300958256E-02
 0.885538318E-02
-0.903623845E-02
 0.499244388E-03
-0.171895193E-02
 0.853699406E-02
 0.499244388E-03
-0.311369087E-02
-0.150823895E-01
 0.555936168E-02
-0.258252857E-01
 0.667644606E-03
 0.555936168E-02
-0.286548989E-02
 0.190055507E-02
 0.207506957E-02
 0.713568337E-02
 0.190055507E-02
 0.347978208E-02
 0.100540182E-02
 0.140131069E-02
 0.147680117E-14
-0.358389040E-02
 0.479942332E-02
-0.100540182E-02
-0.271320091E-02
-0.140131069E-02
-0.300958256E-02
-0.358389040E-02
-0.134857556E-01
 0.498938848E-02
 0.495362470E-03
 0.336304956E-01
 0.174676408E-01
 0.198894947E-01
 0.142363633E-01
-0.106442176E-01
-0.495362470E-03
 0.142363633E-01
-0.333274040E-01
-0.119729101E-02
-0.809700025E-03
 0.165141369E-01
 0.298820689E-01
 0.169712579E-01
-0.126682100E-02
-0.267872893E-01
 0.809700025E-03
-0.126682100E-02
-0.832356162E-03
-0.127948310E-01
 0.672418108E-02
 0.209421872E-01
-0.126851545E-01
 0.661450454E-02
-0.300643208E-01
 0.127948310E-01
 0.661450454E-02
-0.564375355E-02
 0.150036815E-01
 0.369212585E-02
 0.104362569E-01
 0.456742462E-02
-0.420696513E-02
 0.129803162E-14
 0.456742462E-02
-0.144966561E-01
 0.685622087E-02
-0.144025499E-01
-0.601131648E-03
 0.108562659E-01
 0.150036815E-01
-0.601131648E-03
 0.262382928E-01
-0.159963273E-01
 0.544798057E-02
 0.341933862E-01
 0.369212585E-02
 0.544798057E-02
 0.908781751E-02
 0.396629298E-02
 0.739864397E-03
 0.104362569E-01
 0.396629298E-02
 0.934078234E-02
 0.590943632E-02
 0.456742462E-02
-0.548841783E-16
 0.240085432E-02
-0.420696513E-02
-0.590943632E-02
 0.100312729E-01
-0.456742462E-02
 0.144966561E-01
 0.240085432E-02
-0.232512063E-01
 0.223744824E-01
-0.701392026E-02
 0.353008889E-02
 0.682758924E-02
-0.272905297E-02
-0.754778401E-03
-0.874540537E-03
 0.701392026E-02
-0.754778401E-03
-0.661450454E-02
 0.145285343E-01
-0.103479570E-01
 0.495453209E-02
 0.531313019E-01
 0.685431129E-03
-0.607885603E-02
 0.323193788E-02
 0.103479570E-01
-0.607885603E-02
-0.127948310E-01
-0.168066658E-01
 0.198063874E-01
-0.104438431E-01
-0.637417922E-02
 0.937390088E-02
 0.358299206E-01
 0.168066658E-01
 0.937390088E-02
-0.423040154E-02
-0.317556869E-02
 0.182758624E-01
-0.290958949E-03
-0.288460974E-02
-0.254269554E-03
-0.229228750E-14
-0.288460974E-02
 0.305743225E-03
-0.113239688E-01
-0.273300583E-03
 0.344886927E-02
-0.330260019E-02
-0.317556869E-02
 0.344886927E-02
 0.130925584E-02
-0.107677773E-01
 0.381588370E-02
-0.582559588E-01
 0.182758624E-01
 0.381588370E-02
-0.737067516E-03
 0.564259532E-03
-0.768264501E-02
-0.290958949E-03
 0.564259532E-03
-0.675653113E-02
 0.412577527E-02
-0.288460974E-02
-0.149145113E-13
 0.837153019E-02
-0.254269553E-03
-0.412577527E-02
 0.160449169E-01
 0.288460974E-02
-0.305743225E-03
 0.837153019E-02
 0.232512063E-01
-0.128071048E-01
 0.841934455E-02
-0.428839210E-02
-0.365325902E-01
-0.358504462E-02
 0.771599707E-02
 0.176087927E-01
-0.841934455E-02
 0.771599707E-02
 0.126851545E-01
-0.240959119E-01
 0.338673832E-02
 0.135956550E-02
-0.363970497E-01
 0.728720782E-04
 0.467343174E-02
-0.329369388E-01
-0.338673832E-02
 0.467343174E-02
 0.672418108E-02
 0.198063874E-01
-0.188691802E-01
-0.509896466E-02
 0.731138640E-02
-0.637417922E-02
-0.202871129E-01
-0.198063874E-01
-0.637417922E-02
 0.119738531E-02
 0.936068547E-02
-0.205782759E-01
 0.647607573E-02
 0.288460974E-02
-0.483302968E-02
 0.589909569E-14
 0.288460974E-02
-0.326544490E-04
 0.321225550E-01
 0.273300583E-03
-0.963398605E-02
-0.101062732E-01
 0.936068547E-02
-0.963398605E-02
-0.996753682E-02
-0.264109609E-02
-0.890318294E-02
 0.582559588E-01
-0.205782759E-01
-0.890318294E-02
-0.628697907E-02
-0.674937631E-02
-0.131159412E-01
 0.647607573E-02
-0.674937631E-02
-0.190174985E-02
-0.182336173E-02
 0.288460974E-02
 0.969541494E-16
-0.809844141E-02
-0.483302968E-02
 0.182336173E-02
-0.902087036E-02
-0.288460974E-02
 0.326544489E-04
-0.809844141E-02
-0.246245572E-01
 0.489235472E-01
 0.842134622E-02
-0.312597388E-01
-0.957488923E-02
-0.239447656E-01
 0.110637307E-02
 0.674888923E-01
-0.842134622E-02
 0.110637307E-02
-0.300643208E-01
 0.178526576E-01
 0.668392052E-01
-0.117730954E-01
 0.225657131E-01
 0.680833740E-01
-0.130172642E-01
-0.142089313E-01
-0.668392052E-01
-0.130172642E-01
 0.209421872E-01
-0.104438431E-01
-0.509896466E-02
 0.531253907E-01
 0.202871129E-01
-0.358299206E-01
 0.400757151E-01
 0.104438431E-01
-0.358299206E-01
 0.321727404E-01
-0.925430713E-02
 0.662473338E-02
-0.894441557E-02
-0.309891564E-03
-0.138671913E-01
-0.103753589E-13
-0.309891564E-03
-0.243123820E-01
 0.115794689E-01
 0.104748451E-01
-0.122053793E-02
-0.133754269E-01
-0.925430713E-02
-0.122053793E-02
 0.280288314E-01
 0.214681182E-01
-0.396723205E-01
 0.732441233E-02
 0.662473338E-02
-0.396723205E-01
-0.478259235E-01
-0.153042950E-02
-0.716313857E-01
-0.894441557E-02
-0.153042950E-02
 0.286950786E-01
 0.443887675E-01
-0.309891564E-03
-0.343638688E-14
-0.249786292E-01
-0.138671913E-01
-0.443887675E-01
 0.646519611E-01
 0.309891564E-03
 0.243123820E-01
-0.249786292E-01
-0.232512063E-01
 0.240959119E-01
-0.467343174E-02
-0.728720778E-04
-0.329369388E-01
-0.135956550E-02
-0.338673832E-02
-0.363970497E-01
 0.467343174E-02
-0.338673832E-02
-0.672418108E-02
 0.128071048E-01
-0.771599707E-02
 0.358504462E-02
 0.176087927E-01
 0.428839210E-02
-0.841934455E-02
-0.365325902E-01
 0.771599707E-02
-0.841934455E-02
-0.126851545E-01
-0.637417922E-02
 0.731138640E-02
 0.202871129E-01
-0.188691802E-01
 0.198063874E-01
 0.509896466E-02
 0.637417922E-02
 0.198063874E-01
 0.119738531E-02
 0.674937631E-02
 0.182336173E-02
 0.963398605E-02
-0.288460974E-02
-0.890318294E-02
 0.301098942E-15
-0.288460974E-02
-0.809844141E-02
 0.131159412E-01
-0.273300583E-03
-0.647607573E-02
-0.264109609E-02
 0.674937631E-02
-0.647607573E-02
-0.190174985E-02
-0.101062732E-01
-0.483302968E-02
-0.582559588E-01
 0.182336173E-02
-0.483302968E-02
 0.902087036E-02
-0.936068547E-02
-0.321225550E-01
 0.963398605E-02
-0.936068547E-02
-0.996753682E-02
 0.205782759E-01
-0.288460974E-02
-0.251179052E-14
-0.326544490E-04
-0.890318294E-02
-0.205782759E-01
 0.628697907E-02
 0.288460974E-02
 0.809844141E-02
-0.326544490E-04
 0.232512063E-01
-0.145285343E-01
 0.607885603E-02
-0.685431128E-03
 0.323193788E-02
-0.495453209E-02
 0.103479570E-01
 0.531313019E-01
-0.607885603E-02
 0.103479570E-01
 0.127948310E-01
-0.223744824E-01
 0.754778401E-03
 0.272905297E-02
-0.874540537E-03
-0.353008889E-02
 0.701392026E-02
 0.682758924E-02
-0.754778401E-03
 0.701392026E-02
 0.661450454E-02
 0.937390088E-02
-0.637417922E-02
-0.358299206E-01
 0.198063874E-01
-0.168066658E-01
 0.104438431E-01
-0.937390088E-02
-0.168066658E-01
-0.423040154E-02
-0.564259532E-03
-0.412577527E-02
-0.344886927E-02
 0.288460974E-02
 0.381588370E-02
 0.150733297E-13
 0.288460974E-02
 0.837153019E-02
 0.768264501E-02
 0.273300584E-03
 0.290958949E-03
-0.107677773E-01
-0.564259532E-03
 0.290958949E-03
-0.675653113E-02
-0.330260019E-02
-0.254269553E-03
 0.582559588E-01
-0.412577527E-02
-0.254269554E-03
-0.160449169E-01
 0.317556869E-02
 0.113239688E-01
-0.344886927E-02
 0.317556869E-02
 0.130925584E-02
-0.182758624E-01
 0.288460974E-02
-0.648439195E-15
 0.305743225E-03
 0.381588370E-02
 0.182758624E-01
 0.737067517E-03
-0.288460974E-02
-0.837153019E-02
 0.305743225E-03
-0.246245572E-01
 0.178526576E-01
-0.130172642E-01
 0.680833740E-01
 0.142089313E-01
-0.117730954E-01
 0.668392052E-01
-0.225657131E-01
 0.130172642E-01
 0.668392052E-01
 0.209421872E-01
 0.489235472E-01
 0.110637307E-02
-0.239447656E-01
-0.674888923E-01
-0.312597388E-01
 0.842134622E-02
 0.957488922E-02
-0.110637307E-02
 0.842134622E-02
-0.300643208E-01
 0.358299206E-01
-0.202871129E-01
 0.400757151E-01
 0.509896466E-02
 0.104438431E-01
 0.531253907E-01
-0.358299206E-01
 0.104438431E-01
-0.321727404E-01
-0.153042949E-02
 0.443887675E-01
-0.122053793E-02
-0.309891563E-03
 0.396723205E-01
 0.243707467E-14
-0.309891563E-03
 0.249786292E-01
-0.716313857E-01
 0.104748451E-01
-0.894441557E-02
-0.214681182E-01
-0.153042949E-02
-0.894441557E-02
-0.286950786E-01
 0.133754269E-01
 0.138671913E-01
 0.732441233E-02
 0.443887675E-01
 0.138671913E-01
 0.646519611E-01
-0.925430713E-02
 0.115794689E-01
-0.122053793E-02
-0.925430713E-02
-0.280288314E-01
 0.662473338E-02
-0.309891563E-03
 0.109333243E-13
 0.243123820E-01
 0.396723205E-01
-0.662473338E-02
-0.478259235E-01
 0.309891563E-03
-0.249786292E-01
 0.243123820E-01
 0.232512063E-01
-0.223744824E-01
 0.701392026E-02
-0.353008889E-02
-0.682758924E-02
 0.272905297E-02
 0.754778401E-03
 0.874540537E-03
-0.701392026E-02
 0.754778401E-03
 0.661450454E-02
-0.145285343E-01
 0.103479570E-01
-0.495453209E-02
-0.531313019E-01
-0.685431129E-03
 0.607885603E-02
-0.323193788E-02
-0.103479570E-01
 0.607885603E-02
 0.127948310E-01
 0.168066658E-01
-0.198063874E-01
 0.104438431E-01
 0.637417922E-02
-0.937390088E-02
-0.358299206E-01
-0.168066658E-01
-0.937390088E-02
 0.423040154E-02
 0.317556869E-02
-0.182758624E-01
 0.290958949E-03
 0.288460974E-02
 0.254269554E-03
 0.204974302E-14
 0.288460974E-02
-0.305743225E-03
 0.113239688E-01
 0.273300583E-03
-0.344886927E-02
 0.330260019E-02
 0.317556869E-02
-0.344886927E-02
-0.130925584E-02
 0.107677773E-01
-0.381588370E-02
 0.582559588E-01
-0.182758624E-01
-0.381588370E-02
 0.737067517E-03
-0.564259532E-03
 0.768264501E-02
 0.290958949E-03
-0.564259532E-03
 0.675653113E-02
-0.412577527E-02
 0.288460974E-02
 0.383910061E-15
-0.837153019E-02
 0.254269553E-03
 0.412577527E-02
-0.160449169E-01
-0.288460974E-02
 0.305743225E-03
-0.837153019E-02
 0.232512063E-01
-0.145285343E-01
 0.607885603E-02
-0.685431130E-03
 0.323193788E-02
-0.495453209E-02
 0.103479570E-01
 0.531313019E-01
-0.607885603E-02
 0.103479570E-01
 0.127948310E-01
-0.223744824E-01
 0.754778401E-03
 0.272905297E-02
-0.874540538E-03
-0.353008889E-02
 0.701392026E-02
 0.682758924E-02
-0.754778401E-03
 0.701392026E-02
 0.661450454E-02
 0.937390088E-02
-0.637417922E-02
-0.358299206E-01
 0.198063874E-01
-0.168066658E-01
 0.104438431E-01
-0.937390088E-02
-0.168066658E-01
-0.423040154E-02
-0.564259532E-03
-0.412577527E-02
-0.344886927E-02
 0.288460974E-02
 0.381588370E-02
 0.153074059E-14
 0.288460974E-02
 0.837153019E-02
 0.768264501E-02
 0.273300583E-03
 0.290958949E-03
-0.107677773E-01
-0.564259532E-03
 0.290958949E-03
-0.675653113E-02
-0.330260019E-02
-0.254269553E-03
 0.582559588E-01
-0.412577527E-02
-0.254269553E-03
-0.160449169E-01
 0.317556869E-02
 0.113239688E-01
-0.344886927E-02
 0.317556869E-02
 0.130925584E-02
-0.182758624E-01
 0.288460974E-02
-0.260441903E-14
 0.305743225E-03
 0.381588370E-02
 0.182758624E-01
 0.737067516E-03
-0.288460974E-02
-0.837153019E-02
 0.305743225E-03
 0.321675492E-13
 0.143941839E-01
 0.899210101E-02
-0.128307892E-01
-0.316960241E-01
-0.196263616E-02
-0.187605202E-02
 0.198715228E-01
-0.899210101E-02
-0.187605202E-02
 0.564375355E-02
-0.143941839E-01
 0.187605202E-02
 0.196263616E-02
 0.198715228E-01
 0.128307892E-01
-0.899210101E-02
-0.316960241E-01
-0.187605202E-02
-0.899210101E-02
-0.564375355E-02
-0.423040154E-02
 0.119738531E-02
 0.321727404E-01
 0.119738531E-02
-0.423040154E-02
-0.321727404E-01
 0.423040154E-02
-0.423040154E-02
-0.200958348E-01
-0.134191029E-02
-0.235753145E-01
-0.134191029E-02
 0.374114812E-14
 0.893371225E-02
 0.413045171E-14
-0.693660392E-14
 0.772258937E-02
 0.343158105E-01
 0.442796953E-13
 0.134191029E-02
-0.196742082E-01
-0.134191029E-02
 0.134191029E-02
-0.275209267E-01
-0.196742082E-01
 0.893371225E-02
-0.207974845E-12
-0.235753145E-01
 0.893371225E-02
-0.245965178E-01
 0.134191029E-02
-0.343158105E-01
-0.134191029E-02
 0.134191029E-02
-0.275209267E-01
 0.235753145E-01
-0.435798707E-14
 0.232969183E-15
 0.772258937E-02
 0.893371225E-02
-0.235753145E-01
 0.245965178E-01
-0.105860294E-14
-0.772258937E-02
 0.772258937E-02
 0.180139774E-01
 0.488925566E-02
 0.190055508E-02
-0.245948939E-01
-0.374939932E-02
 0.276219619E-02
-0.254565350E-01
 0.106817924E-01
-0.190055508E-02
-0.254565350E-01
 0.396629298E-02
-0.156779378E-02
-0.243395672E-01
 0.532224483E-02
-0.765927551E-02
-0.275543164E-01
 0.853699406E-02
 0.145374500E-01
 0.243395672E-01
 0.853699406E-02
 0.150036815E-01
-0.317556869E-02
 0.936068547E-02
-0.925430713E-02
 0.674937631E-02
-0.564259532E-03
-0.153042949E-02
 0.317556869E-02
-0.564259532E-03
-0.134191029E-02
-0.242565291E-01
 0.519537832E-03
 0.722279991E-02
-0.314793290E-01
 0.745595336E-02
-0.131764716E-15
-0.314793290E-01
 0.647782584E-02
 0.988532411E-02
 0.189939755E-01
 0.526255353E-02
-0.195053468E-02
-0.242565291E-01
 0.526255353E-02
-0.643724651E-02
-0.349117421E-02
-0.691368773E-02
 0.135899259E-03
 0.519537832E-03
-0.691368773E-02
-0.815276711E-02
-0.262167755E-01
 0.467412177E-02
 0.722279991E-02
-0.262167755E-01
 0.664773373E-02
 0.831296906E-03
-0.314793290E-01
-0.247942240E-15
-0.660715441E-02
 0.745595336E-02
-0.831296906E-03
 0.100824748E-02
 0.314793290E-01
-0.647782584E-02
-0.660715441E-02
 0.138447354E-01
 0.159375698E-02
 0.100540182E-02
-0.167432974E-02
-0.189717759E-02
-0.473098711E-02
 0.406205919E-02
 0.477641479E-02
-0.100540182E-02
 0.406205919E-02
 0.590943632E-02
 0.137079032E-01
 0.539886579E-02
-0.314756310E-02
-0.689873544E-02
 0.158365808E-02
 0.667644606E-03
 0.121006726E-01
-0.539886579E-02
 0.667644606E-03
 0.369212585E-02
 0.182758624E-01
-0.205782759E-01
 0.662473338E-02
 0.182336173E-02
-0.412577527E-02
 0.443887675E-01
-0.182758624E-01
-0.412577527E-02
-0.235753145E-01
 0.519537832E-03
 0.546647543E-02
-0.230875906E-02
 0.282829689E-02
-0.348930495E-02
 0.171206937E-15
 0.282829689E-02
 0.879256906E-03
-0.439231944E-02
 0.147746216E-02
-0.199699999E-02
-0.125163102E-01
 0.519537832E-03
-0.199699999E-02
-0.573815969E-02
-0.632578573E-03
-0.441577412E-03
-0.147399929E-01
 0.546647543E-02
-0.441577412E-03
-0.519184628E-02
 0.831296906E-03
-0.724089408E-02
-0.230875906E-02
 0.831296906E-03
-0.875725205E-02
-0.876472104E-02
 0.282829689E-02
 0.474266735E-15
 0.389834926E-02
-0.348930495E-02
 0.876472104E-02
 0.337492888E-01
-0.282829689E-02
-0.879256906E-03
 0.389834926E-02
-0.429461829E-02
-0.194437877E-02
 0.499244388E-03
-0.627404225E-02
-0.301203518E-02
 0.473993788E-02
-0.105147357E-01
 0.126133364E-02
-0.499244388E-03
-0.105147357E-01
-0.601131646E-03
-0.840142820E-02
-0.939776790E-02
 0.729998652E-02
 0.176118324E-02
-0.923346475E-02
 0.713568337E-02
 0.138000859E-01
 0.939776790E-02
 0.713568337E-02
 0.104362569E-01
-0.290958949E-03
 0.647607573E-02
-0.894441557E-02
 0.963398605E-02
-0.344886927E-02
-0.122053793E-02
 0.290958949E-03
-0.344886927E-02
-0.134191029E-02
 0.722279991E-02
-0.230875906E-02
 0.119561938E-01
-0.473339390E-02
-0.210576667E-02
-0.149800811E-14
-0.473339390E-02
 0.153797201E-02
 0.496863637E-02
-0.172187473E-01
 0.999594743E-02
-0.133799295E-03
 0.722279991E-02
 0.999594743E-02
-0.149739268E-02
-0.530790960E-02
 0.264803229E-02
-0.335271021E-02
-0.230875906E-02
 0.264803229E-02
-0.155193959E-01
 0.526255353E-02
-0.242565978E-03
 0.119561938E-01
 0.526255353E-02
 0.170787990E-02
-0.199699999E-02
-0.473339390E-02
-0.512428997E-14
-0.166730057E-02
-0.210576667E-02
 0.199699999E-02
-0.635838135E-02
 0.473339390E-02
-0.153797201E-02
-0.166730057E-02
 0.223085957E-01
 0.683363443E-02
 0.140131069E-02
-0.183208517E-01
-0.737364132E-03
-0.197774169E-02
-0.149417993E-01
 0.942045875E-02
-0.140131069E-02
-0.149417993E-01
 0.456742462E-02
 0.683363443E-02
-0.149417993E-01
-0.197774169E-02
-0.942045875E-02
-0.183208517E-01
 0.140131069E-02
 0.737364132E-03
 0.149417993E-01
 0.140131069E-02
 0.456742462E-02
-0.288460974E-02
 0.288460974E-02
-0.309891563E-03
-0.288460974E-02
 0.288460974E-02
-0.309891563E-03
 0.288460974E-02
 0.288460974E-02
-0.198870297E-13
-0.314793290E-01
 0.282829689E-02
-0.473339390E-02
-0.267459351E-01
 0.956172003E-02
 0.973222135E-15
-0.267459351E-01
 0.493985383E-02
 0.491668774E-02
 0.362127229E-01
-0.473339390E-02
-0.181673539E-02
-0.314793290E-01
-0.473339390E-02
-0.493985383E-02
 0.181673539E-02
-0.956172003E-02
 0.348860947E-02
 0.282829689E-02
-0.956172003E-02
 0.736662882E-02
-0.314793290E-01
 0.491668774E-02
-0.473339390E-02
-0.314793290E-01
 0.493985383E-02
 0.282829689E-02
-0.267459351E-01
 0.784495455E-15
-0.493985383E-02
 0.956172003E-02
-0.282829689E-02
 0.736662882E-02
 0.267459351E-01
-0.493985383E-02
-0.493985383E-02
 0.179277051E-02
-0.121427237E-01
-0.555936168E-02
 0.257641819E-01
-0.210488709E-01
 0.101167168E-01
 0.100881034E-01
-0.307683443E-01
 0.555936168E-02
 0.100881034E-01
-0.544798057E-02
-0.212556481E-02
 0.661202745E-02
 0.104420556E-01
-0.370061997E-02
 0.122546597E-01
 0.479942332E-02
 0.116232665E-01
-0.661202745E-02
 0.479942332E-02
-0.420696513E-02
-0.254269554E-03
-0.483302968E-02
-0.138671913E-01
-0.890318294E-02
 0.381588370E-02
 0.396723205E-01
 0.254269554E-03
 0.381588370E-02
 0.893371225E-02
 0.745595336E-02
-0.348930495E-02
-0.210576667E-02
 0.956172003E-02
-0.255488406E-01
-0.304990729E-15
 0.956172003E-02
-0.116891945E-01
-0.126522094E-01
-0.480792106E-02
-0.264803229E-02
 0.441310807E-01
 0.745595336E-02
-0.264803229E-02
 0.915838454E-02
 0.388818386E-02
 0.122533305E-01
-0.595427439E-02
-0.348930495E-02
 0.122533305E-01
 0.673750750E-01
 0.691368773E-02
 0.181406627E-01
-0.210576667E-02
 0.691368773E-02
-0.599908954E-02
 0.441577412E-03
 0.956172003E-02
-0.144693937E-14
 0.346827956E-02
-0.255488406E-01
-0.441577412E-03
 0.105610967E-01
-0.956172003E-02
 0.116891945E-01
 0.346827956E-02
 0.343099733E-14
-0.434883046E-14
-0.800593091E-15
 0.553502552E-14
-0.814974459E-14
 0.121072232E-14
 0.352008503E-14
-0.172166148E-13
 0.136605497E-14
 0.352107491E-14
-0.464065334E-14
 0.117116541E-14
-0.593244881E-15
 0.406991431E-14
 0.249813308E-16
-0.862657606E-14
 0.278770610E-14
 0.260691687E-13
 0.592483443E-15
 0.279644397E-14
-0.377531388E-15
 0.859745778E-14
-0.137553833E-13
-0.756800092E-14
 0.270794483E-13
 0.412299900E-15
 0.473402596E-13
-0.101319330E-13
 0.415996951E-15
-0.154262075E-13
-0.296842368E-15
 0.222612924E-15
-0.312262730E-14
 0.227764272E-14
 0.200326563E-14
 0.586891594E-17
 0.227325687E-14
-0.165975394E-15
-0.293933355E-14
-0.613302389E-15
 0.995321539E-15
-0.333099858E-13
-0.382276249E-15
 0.100189931E-14
-0.337552610E-15
-0.184089063E-15
-0.263015944E-15
 0.112368462E-13
 0.266217070E-15
-0.661285168E-15
 0.839959084E-15
-0.418577846E-14
-0.127993578E-13
-0.425113997E-14
-0.418629332E-14
 0.396936517E-15
-0.318346361E-15
 0.939404370E-15
 0.275183400E-18
 0.535878668E-15
 0.275831235E-14
 0.786091340E-16
 0.978253310E-15
-0.407452152E-15
 0.867615826E-15
-0.242053953E-15
 0.223085957E-01
 0.683363443E-02
 0.140131069E-02
-0.183208517E-01
-0.737364131E-03
-0.197774169E-02
-0.149417993E-01
 0.942045875E-02
-0.140131069E-02
-0.149417993E-01
 0.456742462E-02
 0.683363443E-02
-0.149417993E-01
-0.197774169E-02
-0.942045875E-02
-0.183208517E-01
 0.140131069E-02
 0.737364132E-03
 0.149417993E-01
 0.140131069E-02
 0.456742462E-02
-0.288460974E-02
 0.288460974E-02
-0.309891563E-03
-0.288460974E-02
 0.288460974E-02
-0.309891563E-03
 0.288460974E-02
 0.288460974E-02
-0.361145556E-13
-0.314793290E-01
 0.282829689E-02
-0.473339390E-02
-0.267459351E-01
 0.956172003E-02
-0.129952064E-14
-0.267459351E-01
 0.493985383E-02
 0.491668774E-02
 0.362127229E-01
-0.473339390E-02
-0.181673539E-02
-0.314793290E-01
-0.473339390E-02
-0.493985383E-02
 0.181673539E-02
-0.956172003E-02
 0.348860947E-02
 0.282829689E-02
-0.956172003E-02
 0.736662882E-02
-0.314793290E-01
 0.491668774E-02
-0.473339390E-02
-0.314793290E-01
 0.493985383E-02
 0.282829689E-02
-0.267459351E-01
 0.606849897E-15
-0.493985383E-02
 0.956172003E-02
-0.282829689E-02
 0.736662882E-02
 0.267459351E-01
-0.493985383E-02
-0.493985383E-02
-0.137410009E-01
 0.156066055E-01
 0.358389040E-02
 0.486510890E-03
 0.319623542E-02
 0.251255923E-02
 0.155784206E-02
-0.831347045E-02
-0.358389040E-02
 0.155784206E-02
-0.240085432E-02
 0.146708831E-01
 0.890043565E-02
 0.443343189E-03
 0.706355306E-02
 0.633419628E-02
 0.300958256E-02
-0.253117843E-02
-0.890043565E-02
 0.300958256E-02
-0.144966561E-01
 0.305743225E-03
-0.326544489E-04
-0.243123820E-01
-0.809844141E-02
 0.837153019E-02
 0.249786292E-01
-0.305743225E-03
 0.837153019E-02
 0.772258937E-02
 0.647782584E-02
 0.879256906E-03
 0.153797201E-02
 0.493985383E-02
-0.116891945E-01
 0.215778968E-15
 0.493985383E-02
-0.375805994E-02
 0.241460741E-02
-0.814512641E-02
 0.166730057E-02
 0.815013706E-02
 0.647782584E-02
 0.166730057E-02
 0.399019809E-02
-0.676214388E-02
 0.346827956E-02
 0.336257862E-01
 0.879256906E-03
 0.346827956E-02
 0.147198896E-01
 0.660715441E-02
 0.359291808E-03
 0.153797201E-02
 0.660715441E-02
-0.267858663E-02
-0.389834926E-02
 0.493985383E-02
-0.303206126E-15
 0.291072478E-02
-0.116891945E-01
 0.389834926E-02
 0.122675989E-01
-0.493985383E-02
 0.375805994E-02
 0.291072478E-02
-0.206752878E-01
 0.527285141E-02
 0.207506957E-02
-0.781984567E-02
 0.156031248E-01
-0.419934991E-02
-0.154542619E-02
 0.293029478E-02
-0.207506957E-02
-0.154542619E-02
 0.739864398E-03
 0.246239543E-01
 0.451171241E-02
-0.177485269E-02
-0.576039279E-02
-0.611852346E-02
 0.885538318E-02
-0.278204390E-01
-0.451171241E-02
 0.885538318E-02
 0.685622087E-02
-0.113239688E-01
 0.321225550E-01
 0.115794689E-01
 0.131159412E-01
 0.768264501E-02
-0.716313857E-01
 0.113239688E-01
 0.768264501E-02
 0.343158105E-01
 0.988532411E-02
-0.439231944E-02
 0.496863637E-02
 0.491668774E-02
-0.126522094E-01
-0.337574035E-14
 0.491668774E-02
 0.241460741E-02
-0.143183874E-01
-0.964275813E-02
-0.242565978E-03
 0.432417786E-02
 0.988532411E-02
-0.242565978E-03
 0.129320038E-03
 0.368513696E-01
-0.181406627E-01
-0.239163779E-01
-0.439231944E-02
-0.181406627E-01
-0.847283344E-02
 0.467412177E-02
-0.108713749E-02
 0.496863637E-02
 0.467412177E-02
 0.290321926E-02
-0.724089408E-02
 0.491668774E-02
-0.113642681E-14
-0.359291808E-03
-0.126522094E-01
 0.724089408E-02
 0.293378351E-01
-0.491668774E-02
-0.241460741E-02
-0.359291808E-03
-0.137193591E-01
 0.351217254E-02
-0.903623845E-02
 0.338283587E-01
 0.175494852E-01
-0.100621827E-01
 0.348543030E-01
-0.892060915E-02
 0.903623845E-02
 0.348543030E-01
-0.144025499E-01
 0.351217254E-02
 0.348543030E-01
-0.100621827E-01
 0.892060915E-02
 0.338283587E-01
-0.903623845E-02
-0.175494852E-01
-0.348543030E-01
-0.903623845E-02
-0.144025499E-01
-0.273300584E-03
 0.273300584E-03
 0.104748451E-01
-0.273300584E-03
 0.273300582E-03
 0.104748451E-01
 0.273300584E-03
 0.273300582E-03
 0.340105577E-13
 0.189939755E-01
 0.147746216E-02
-0.172187473E-01
 0.362127229E-01
-0.480792106E-02
 0.114466393E-14
 0.362127229E-01
-0.814512641E-02
-0.964275813E-02
-0.177522822E-02
-0.172187473E-01
-0.335737492E-02
 0.189939755E-01
-0.172187473E-01
 0.814512641E-02
 0.335737492E-02
 0.480792106E-02
 0.321681095E-02
 0.147746216E-02
 0.480792106E-02
 0.145111485E-01
 0.189939755E-01
-0.964275813E-02
-0.172187473E-01
 0.189939755E-01
-0.814512641E-02
 0.147746216E-02
 0.362127229E-01
 0.795253372E-18
 0.814512641E-02
-0.480792106E-02
-0.147746216E-02
 0.145111485E-01
-0.362127229E-01
 0.814512641E-02
 0.814512641E-02
-0.429461829E-02
-0.840142820E-02
 0.713568337E-02
-0.923346475E-02
-0.138000859E-01
 0.729998652E-02
-0.939776790E-02
-0.176118324E-02
-0.713568337E-02
-0.939776790E-02
 0.104362569E-01
-0.194437877E-02
-0.105147357E-01
 0.473993788E-02
-0.126133364E-02
-0.627404225E-02
 0.499244388E-03
 0.301203518E-02
 0.105147357E-01
 0.499244388E-03
-0.601131646E-03
 0.344886927E-02
-0.963398605E-02
-0.122053793E-02
-0.647607573E-02
 0.290958949E-03
-0.894441557E-02
-0.344886927E-02
 0.290958949E-03
 0.134191029E-02
 0.526255353E-02
-0.199699999E-02
 0.999594743E-02
-0.473339390E-02
-0.264803229E-02
-0.240063267E-14
-0.473339390E-02
 0.166730057E-02
-0.242565978E-03
-0.172187473E-01
 0.119561938E-01
 0.530790960E-02
 0.526255353E-02
 0.119561938E-01
-0.170787990E-02
 0.133799296E-03
 0.210576667E-02
-0.335271021E-02
-0.199699999E-02
 0.210576667E-02
-0.635838135E-02
 0.722279991E-02
 0.496863637E-02
 0.999594743E-02
 0.722279991E-02
 0.149739268E-02
-0.230875906E-02
-0.473339390E-02
-0.192184416E-15
-0.153797201E-02
-0.264803229E-02
 0.230875906E-02
-0.155193959E-01
 0.473339390E-02
-0.166730057E-02
-0.153797201E-02
-0.862332290E-02
 0.504745812E-01
 0.150823895E-01
-0.302990472E-01
 0.367686374E-01
-0.150391326E-01
-0.177525158E-03
 0.434274725E-01
-0.150823895E-01
-0.177525158E-03
 0.159963273E-01
 0.899217320E-02
-0.409539445E-02
-0.193723926E-01
-0.400608960E-02
-0.217488351E-01
-0.171895193E-02
-0.253292136E-01
 0.409539445E-02
-0.171895193E-02
 0.108562659E-01
-0.330260019E-02
-0.101062732E-01
-0.133754269E-01
-0.264109609E-02
-0.107677773E-01
-0.214681182E-01
 0.330260019E-02
-0.107677773E-01
-0.196742082E-01
-0.195053468E-02
-0.125163102E-01
-0.133799296E-03
-0.181673539E-02
 0.441310807E-01
-0.194177809E-15
-0.181673539E-02
 0.815013706E-02
 0.432417786E-02
-0.335737492E-02
 0.530790960E-02
-0.803498717E-01
-0.195053468E-02
 0.530790960E-02
-0.330435174E-02
 0.430394844E-02
 0.388818386E-02
-0.327020964E-01
-0.125163102E-01
 0.388818386E-02
-0.428795110E-02
 0.349117421E-02
-0.368513696E-01
-0.133799296E-03
 0.349117421E-02
 0.116079292E-01
 0.632578573E-03
-0.181673539E-02
-0.271661593E-15
-0.676214388E-02
 0.441310807E-01
-0.632578573E-03
-0.242257765E-01
 0.181673539E-02
-0.815013706E-02
-0.676214388E-02
 0.180139774E-01
 0.488925566E-02
 0.190055507E-02
-0.245948939E-01
-0.374939932E-02
 0.276219619E-02
-0.254565350E-01
 0.106817924E-01
-0.190055507E-02
-0.254565350E-01
 0.396629297E-02
-0.156779378E-02
-0.243395672E-01
 0.532224483E-02
-0.765927551E-02
-0.275543164E-01
 0.853699406E-02
 0.145374500E-01
 0.243395672E-01
 0.853699406E-02
 0.150036815E-01
-0.317556869E-02
 0.936068547E-02
-0.925430713E-02
 0.674937631E-02
-0.564259532E-03
-0.153042949E-02
 0.317556869E-02
-0.564259532E-03
-0.134191029E-02
-0.242565291E-01
 0.519537832E-03
 0.722279991E-02
-0.314793290E-01
 0.745595336E-02
 0.241850370E-15
-0.314793290E-01
 0.647782584E-02
 0.988532411E-02
 0.189939755E-01
 0.526255353E-02
-0.195053468E-02
-0.242565291E-01
 0.526255353E-02
-0.643724651E-02
-0.349117421E-02
-0.691368773E-02
 0.135899259E-03
 0.519537832E-03
-0.691368773E-02
-0.815276711E-02
-0.262167755E-01
 0.467412177E-02
 0.722279991E-02
-0.262167755E-01
 0.664773373E-02
 0.831296906E-03
-0.314793290E-01
 0.230338602E-15
-0.660715441E-02
 0.745595336E-02
-0.831296906E-03
 0.100824748E-02
 0.314793290E-01
-0.647782584E-02
-0.660715441E-02
-0.429461829E-02
-0.840142820E-02
 0.713568337E-02
-0.923346475E-02
-0.138000859E-01
 0.729998652E-02
-0.939776790E-02
-0.176118324E-02
-0.713568337E-02
-0.939776790E-02
 0.104362569E-01
-0.194437877E-02
-0.105147357E-01
 0.473993788E-02
-0.126133364E-02
-0.627404225E-02
 0.499244389E-03
 0.301203518E-02
 0.105147357E-01
 0.499244389E-03
-0.601131647E-03
 0.344886927E-02
-0.963398605E-02
-0.122053793E-02
-0.647607573E-02
 0.290958950E-03
-0.894441557E-02
-0.344886927E-02
 0.290958950E-03
 0.134191029E-02
 0.526255353E-02
-0.199699999E-02
 0.999594743E-02
-0.473339390E-02
-0.264803229E-02
 0.558333446E-15
-0.473339390E-02
 0.166730057E-02
-0.242565978E-03
-0.172187473E-01
 0.119561938E-01
 0.530790960E-02
 0.526255353E-02
 0.119561938E-01
-0.170787990E-02
 0.133799295E-03
 0.210576667E-02
-0.335271021E-02
-0.199699999E-02
 0.210576667E-02
-0.635838135E-02
 0.722279991E-02
 0.496863637E-02
 0.999594743E-02
 0.722279991E-02
 0.149739268E-02
-0.230875906E-02
-0.473339390E-02
 0.229808530E-14
-0.153797201E-02
-0.264803229E-02
 0.230875906E-02
-0.155193959E-01
 0.473339390E-02
-0.166730057E-02
-0.153797201E-02
 0.137410009E-01
-0.255159437E-01
-0.347978208E-02
 0.425639952E-02
-0.148545230E-01
-0.332544320E-02
 0.410206064E-02
 0.700100929E-02
 0.347978208E-02
 0.410206064E-02
-0.934078234E-02
-0.476154492E-02
-0.145603383E-01
 0.369540787E-03
-0.837601422E-02
-0.110771067E-01
-0.311369087E-02
-0.912710916E-02
 0.145603383E-01
-0.311369087E-02
 0.262382928E-01
 0.130925584E-02
-0.996753682E-02
 0.280288314E-01
-0.190174985E-02
-0.675653113E-02
-0.286950786E-01
-0.130925584E-02
-0.675653113E-02
-0.275209267E-01
-0.643724651E-02
-0.573815969E-02
-0.149739268E-02
-0.493985383E-02
 0.915838454E-02
 0.486899489E-15
-0.493985383E-02
 0.399019809E-02
 0.129320038E-03
 0.814512641E-02
-0.170787990E-02
-0.330435174E-02
-0.643724651E-02
-0.170787990E-02
-0.549521626E-02
 0.116079292E-01
-0.599908954E-02
-0.336257862E-01
-0.573815969E-02
-0.599908954E-02
-0.191910857E-01
-0.664773373E-02
-0.290321926E-02
-0.149739268E-02
-0.664773373E-02
 0.117356846E-02
 0.875725205E-02
-0.493985383E-02
-0.295157690E-16
-0.267858663E-02
 0.915838454E-02
-0.875725205E-02
-0.779640286E-02
 0.493985383E-02
-0.399019809E-02
-0.267858663E-02
 0.862332290E-02
-0.899217320E-02
 0.171895193E-02
 0.217488351E-01
-0.253292136E-01
 0.193723926E-01
 0.409539445E-02
-0.400608960E-02
-0.171895193E-02
 0.409539445E-02
-0.108562659E-01
-0.504745812E-01
 0.177525159E-03
 0.150391326E-01
 0.434274725E-01
 0.302990472E-01
-0.150823895E-01
 0.367686374E-01
-0.177525159E-03
-0.150823895E-01
-0.159963273E-01
-0.107677773E-01
-0.264109609E-02
 0.214681182E-01
-0.101062732E-01
-0.330260019E-02
 0.133754269E-01
 0.107677773E-01
-0.330260019E-02
-0.196742082E-01
-0.349117421E-02
-0.632578573E-03
-0.530790960E-02
 0.181673539E-02
 0.388818386E-02
-0.959311495E-15
 0.181673539E-02
-0.676214388E-02
 0.368513696E-01
 0.335737492E-02
 0.133799296E-03
 0.430394844E-02
-0.349117421E-02
 0.133799296E-03
 0.116079292E-01
-0.803498717E-01
 0.441310807E-01
 0.327020964E-01
-0.632578573E-03
 0.441310807E-01
 0.242257765E-01
 0.195053468E-02
-0.432417786E-02
-0.530790960E-02
 0.195053468E-02
-0.330435174E-02
 0.125163102E-01
 0.181673539E-02
 0.301602626E-14
 0.815013706E-02
 0.388818386E-02
-0.125163102E-01
 0.428795110E-02
-0.181673539E-02
 0.676214388E-02
 0.815013706E-02
-0.179277051E-02
 0.212556481E-02
-0.479942332E-02
-0.122546597E-01
 0.116232665E-01
-0.104420556E-01
-0.661202745E-02
-0.370061997E-02
 0.479942332E-02
-0.661202745E-02
 0.420696513E-02
 0.121427237E-01
-0.100881034E-01
-0.101167168E-01
-0.307683443E-01
-0.257641819E-01
 0.555936168E-02
-0.210488709E-01
 0.100881034E-01
 0.555936168E-02
 0.544798057E-02
 0.381588370E-02
-0.890318294E-02
-0.396723205E-01
-0.483302968E-02
-0.254269553E-03
 0.138671913E-01
-0.381588370E-02
-0.254269553E-03
 0.893371225E-02
-0.691368773E-02
-0.441577412E-03
 0.264803229E-02
-0.956172003E-02
 0.122533305E-01
-0.122082301E-14
-0.956172003E-02
 0.346827956E-02
-0.181406627E-01
 0.480792106E-02
 0.210576667E-02
 0.388818386E-02
-0.691368773E-02
 0.210576667E-02
-0.599908954E-02
 0.441310807E-01
-0.255488406E-01
 0.595427439E-02
-0.441577412E-03
-0.255488406E-01
-0.105610967E-01
-0.745595336E-02
 0.126522094E-01
 0.264803229E-02
-0.745595336E-02
 0.915838454E-02
 0.348930495E-02
-0.956172003E-02
-0.247911053E-14
-0.116891945E-01
 0.122533305E-01
-0.348930495E-02
-0.673750750E-01
 0.956172003E-02
-0.346827956E-02
-0.116891945E-01
 0.594108039E-01
-0.532799610E-01
-0.258252857E-01
 0.338383426E-01
-0.278785650E-01
 0.238143494E-01
-0.158012925E-01
 0.330728636E-01
 0.258252857E-01
-0.158012925E-01
 0.341933862E-01
-0.532799610E-01
-0.158012925E-01
 0.238143494E-01
-0.330728636E-01
 0.338383426E-01
-0.258252857E-01
 0.278785650E-01
 0.158012925E-01
-0.258252857E-01
 0.341933862E-01
-0.582559588E-01
 0.582559588E-01
 0.732441233E-02
-0.582559588E-01
 0.582559588E-01
 0.732441233E-02
 0.582559588E-01
 0.582559588E-01
 0.581040996E-13
 0.135899259E-03
-0.147399929E-01
-0.335271021E-02
 0.348860947E-02
-0.595427439E-02
-0.218737174E-14
 0.348860947E-02
 0.336257862E-01
-0.239163779E-01
 0.321681096E-02
-0.335271021E-02
-0.327020964E-01
 0.135899259E-03
-0.335271021E-02
-0.336257862E-01
 0.327020964E-01
 0.595427439E-02
 0.195549652E-01
-0.147399929E-01
 0.595427439E-02
-0.681335737E-01
 0.135899259E-03
-0.239163779E-01
-0.335271021E-02
 0.135899259E-03
 0.336257862E-01
-0.147399929E-01
 0.348860947E-02
 0.136497126E-14
-0.336257862E-01
-0.595427439E-02
 0.147399929E-01
-0.681335737E-01
-0.348860947E-02
-0.336257862E-01
-0.336257862E-01
 0.138447354E-01
 0.159375698E-02
 0.100540182E-02
-0.167432974E-02
-0.189717759E-02
-0.473098711E-02
 0.406205919E-02
 0.477641479E-02
-0.100540182E-02
 0.406205919E-02
 0.590943632E-02
 0.137079032E-01
 0.539886579E-02
-0.314756310E-02
-0.689873544E-02
 0.158365808E-02
 0.667644606E-03
 0.121006726E-01
-0.539886579E-02
 0.667644606E-03
 0.369212585E-02
 0.182758624E-01
-0.205782759E-01
 0.662473338E-02
 0.182336173E-02
-0.412577527E-02
 0.443887675E-01
-0.182758624E-01
-0.412577527E-02
-0.235753145E-01
 0.519537832E-03
 0.546647543E-02
-0.230875906E-02
 0.282829689E-02
-0.348930495E-02
 0.118677344E-15
 0.282829689E-02
 0.879256906E-03
-0.439231944E-02
 0.147746216E-02
-0.199699999E-02
-0.125163102E-01
 0.519537832E-03
-0.199699999E-02
-0.573815969E-02
-0.632578573E-03
-0.441577412E-03
-0.147399929E-01
 0.546647543E-02
-0.441577412E-03
-0.519184628E-02
 0.831296906E-03
-0.724089408E-02
-0.230875906E-02
 0.831296906E-03
-0.875725205E-02
-0.876472104E-02
 0.282829689E-02
-0.265686999E-15
 0.389834926E-02
-0.348930495E-02
 0.876472104E-02
 0.337492888E-01
-0.282829689E-02
-0.879256906E-03
 0.389834926E-02
-0.179277051E-02
 0.212556481E-02
-0.479942332E-02
-0.122546597E-01
 0.116232665E-01
-0.104420556E-01
-0.661202745E-02
-0.370061997E-02
 0.479942332E-02
-0.661202745E-02
 0.420696513E-02
 0.121427237E-01
-0.100881034E-01
-0.101167168E-01
-0.307683443E-01
-0.257641819E-01
 0.555936168E-02
-0.210488709E-01
 0.100881034E-01
 0.555936168E-02
 0.544798057E-02
 0.381588370E-02
-0.890318294E-02
-0.396723205E-01
-0.483302968E-02
-0.254269553E-03
 0.138671913E-01
-0.381588370E-02
-0.254269553E-03
 0.893371225E-02
-0.691368773E-02
-0.441577412E-03
 0.264803229E-02
-0.956172003E-02
 0.122533305E-01
 0.917287732E-15
-0.956172003E-02
 0.346827956E-02
-0.181406627E-01
 0.480792106E-02
 0.210576667E-02
 0.388818386E-02
-0.691368773E-02
 0.210576667E-02
-0.599908954E-02
 0.441310807E-01
-0.255488406E-01
 0.595427439E-02
-0.441577412E-03
-0.255488406E-01
-0.105610967E-01
-0.745595336E-02
 0.126522094E-01
 0.264803229E-02
-0.745595336E-02
 0.915838454E-02
 0.348930495E-02
-0.956172003E-02
 0.847526760E-15
-0.116891945E-01
 0.122533305E-01
-0.348930495E-02
-0.673750750E-01
 0.956172003E-02
-0.346827956E-02
-0.116891945E-01
 0.682342317E-02
-0.163170326E-02
-0.271320091E-02
-0.155943874E-01
-0.443833250E-01
-0.199833750E-01
 0.167578670E-02
 0.258617351E-01
 0.271320091E-02
 0.167578670E-02
 0.100312729E-01
-0.107066442E-02
 0.337142721E-02
-0.152322351E-01
 0.630059027E-02
-0.899531799E-02
-0.286548989E-02
 0.833165108E-02
-0.337142721E-02
-0.286548989E-02
 0.908781751E-02
-0.737067516E-03
-0.628697907E-02
-0.478259235E-01
 0.902087036E-02
-0.160449169E-01
 0.646519611E-01
 0.737067516E-03
-0.160449169E-01
-0.245965178E-01
-0.815276711E-02
-0.519184628E-02
-0.155193959E-01
 0.736662882E-02
 0.673750750E-01
-0.121077859E-14
 0.736662882E-02
 0.147198896E-01
-0.847283344E-02
 0.145111485E-01
-0.635838135E-02
-0.428795109E-02
-0.815276711E-02
-0.635838135E-02
-0.191910857E-01
 0.242257765E-01
-0.105610967E-01
-0.681335737E-01
-0.519184628E-02
-0.105610967E-01
-0.856644604E-02
 0.100824748E-02
 0.293378351E-01
-0.155193959E-01
 0.100824748E-02
 0.779640286E-02
 0.337492888E-01
 0.736662882E-02
-0.203615750E-14
-0.122675989E-01
 0.673750750E-01
-0.337492888E-01
-0.802780838E-01
-0.736662882E-02
-0.147198896E-01
-0.122675989E-01
 0.180139774E-01
-0.156779378E-02
 0.853699406E-02
-0.275543164E-01
-0.145374500E-01
 0.532224483E-02
-0.243395672E-01
 0.765927551E-02
-0.853699406E-02
-0.243395672E-01
 0.150036815E-01
 0.488925566E-02
-0.254565350E-01
 0.276219619E-02
-0.106817924E-01
-0.245948939E-01
 0.190055507E-02
 0.374939932E-02
 0.254565350E-01
 0.190055507E-02
 0.396629298E-02
 0.564259532E-03
-0.674937631E-02
-0.153042950E-02
-0.936068547E-02
 0.317556869E-02
-0.925430713E-02
-0.564259532E-03
 0.317556869E-02
 0.134191029E-02
-0.262167755E-01
 0.831296906E-03
 0.526255353E-02
-0.314793290E-01
 0.691368773E-02
-0.237436799E-14
-0.314793290E-01
 0.660715441E-02
 0.467412177E-02
 0.189939755E-01
 0.722279991E-02
 0.349117421E-02
-0.262167755E-01
 0.722279991E-02
-0.664773373E-02
 0.195053468E-02
-0.745595336E-02
 0.135899259E-03
 0.831296906E-03
-0.745595336E-02
 0.100824748E-02
-0.242565291E-01
 0.988532411E-02
 0.526255353E-02
-0.242565291E-01
 0.643724651E-02
 0.519537832E-03
-0.314793290E-01
 0.328710236E-15
-0.647782584E-02
 0.691368773E-02
-0.519537832E-03
-0.815276711E-02
 0.314793290E-01
-0.660715441E-02
-0.647782584E-02
-0.206752878E-01
 0.246239543E-01
 0.885538318E-02
-0.611852346E-02
 0.278204390E-01
-0.177485269E-02
 0.451171241E-02
 0.576039279E-02
-0.885538318E-02
 0.451171241E-02
 0.685622087E-02
 0.527285141E-02
-0.154542619E-02
-0.419934991E-02
-0.293029478E-02
-0.781984567E-02
 0.207506957E-02
-0.156031248E-01
 0.154542619E-02
 0.207506957E-02
 0.739864398E-03
-0.768264501E-02
-0.131159412E-01
-0.716313857E-01
-0.321225550E-01
 0.113239688E-01
 0.115794689E-01
 0.768264501E-02
 0.113239688E-01
-0.343158105E-01
 0.467412177E-02
-0.724089408E-02
-0.242565978E-03
 0.491668774E-02
 0.181406627E-01
 0.448754745E-15
 0.491668774E-02
 0.359291808E-03
-0.108713749E-02
-0.964275813E-02
 0.496863637E-02
-0.368513696E-01
 0.467412177E-02
 0.496863637E-02
-0.290321926E-02
-0.432417786E-02
 0.126522094E-01
-0.239163779E-01
-0.724089408E-02
 0.126522094E-01
 0.293378351E-01
 0.988532411E-02
-0.143183874E-01
-0.242565978E-03
 0.988532411E-02
-0.129320038E-03
-0.439231944E-02
 0.491668774E-02
-0.201435858E-14
-0.241460741E-02
 0.181406627E-01
 0.439231944E-02
-0.847283344E-02
-0.491668774E-02
-0.359291808E-03
-0.241460741E-02
-0.429461829E-02
-0.194437877E-02
 0.499244389E-03
-0.627404225E-02
-0.301203518E-02
 0.473993788E-02
-0.105147357E-01
 0.126133364E-02
-0.499244389E-03
-0.105147357E-01
-0.601131647E-03
-0.840142820E-02
-0.939776790E-02
 0.729998652E-02
 0.176118324E-02
-0.923346475E-02
 0.713568337E-02
 0.138000859E-01
 0.939776790E-02
 0.713568337E-02
 0.104362569E-01
-0.290958950E-03
 0.647607573E-02
-0.894441557E-02
 0.963398605E-02
-0.344886927E-02
-0.122053793E-02
 0.290958949E-03
-0.344886927E-02
-0.134191029E-02
 0.722279991E-02
-0.230875906E-02
 0.119561938E-01
-0.473339390E-02
-0.210576667E-02
 0.211613203E-14
-0.473339390E-02
 0.153797201E-02
 0.496863637E-02
-0.172187473E-01
 0.999594743E-02
-0.133799295E-03
 0.722279991E-02
 0.999594743E-02
-0.149739268E-02
-0.530790960E-02
 0.264803229E-02
-0.335271022E-02
-0.230875906E-02
 0.264803229E-02
-0.155193959E-01
 0.526255353E-02
-0.242565979E-03
 0.119561938E-01
 0.526255353E-02
 0.170787990E-02
-0.199699999E-02
-0.473339390E-02
 0.579814533E-16
-0.166730057E-02
-0.210576667E-02
 0.199699999E-02
-0.635838135E-02
 0.473339390E-02
-0.153797201E-02
-0.166730057E-02
 0.180139774E-01
-0.156779378E-02
 0.853699406E-02
-0.275543164E-01
-0.145374500E-01
 0.532224483E-02
-0.243395672E-01
 0.765927551E-02
-0.853699406E-02
-0.243395672E-01
 0.150036815E-01
 0.488925566E-02
-0.254565350E-01
 0.276219619E-02
-0.106817924E-01
-0.245948939E-01
 0.190055507E-02
 0.374939932E-02
 0.254565350E-01
 0.190055507E-02
 0.396629297E-02
 0.564259532E-03
-0.674937631E-02
-0.153042950E-02
-0.936068547E-02
 0.317556869E-02
-0.925430713E-02
-0.564259532E-03
 0.317556869E-02
 0.134191029E-02
-0.262167755E-01
 0.831296906E-03
 0.526255353E-02
-0.314793290E-01
 0.691368773E-02
 0.233752610E-14
-0.314793290E-01
 0.660715441E-02
 0.467412177E-02
 0.189939755E-01
 0.722279991E-02
 0.349117421E-02
-0.262167755E-01
 0.722279991E-02
-0.664773373E-02
 0.195053468E-02
-0.745595336E-02
 0.135899259E-03
 0.831296906E-03
-0.745595336E-02
 0.100824748E-02
-0.242565291E-01
 0.988532411E-02
 0.526255353E-02
-0.242565291E-01
 0.643724651E-02
 0.519537831E-03
-0.314793290E-01
-0.722898253E-16
-0.647782584E-02
 0.691368773E-02
-0.519537831E-03
-0.815276711E-02
 0.314793290E-01
-0.660715441E-02
-0.647782584E-02
-0.137410009E-01
 0.476154492E-02
 0.311369087E-02
 0.110771067E-01
-0.912710917E-02
-0.369540787E-03
 0.145603383E-01
-0.837601422E-02
-0.311369087E-02
 0.145603383E-01
-0.262382928E-01
 0.255159437E-01
-0.410206064E-02
 0.332544320E-02
 0.700100929E-02
-0.425639952E-02
 0.347978208E-02
-0.148545230E-01
 0.410206064E-02
 0.347978208E-02
 0.934078234E-02
-0.675653113E-02
-0.190174985E-02
 0.286950786E-01
-0.996753682E-02
 0.130925584E-02
-0.280288314E-01
 0.675653113E-02
 0.130925584E-02
-0.275209267E-01
 0.664773373E-02
-0.875725205E-02
 0.170787990E-02
 0.493985383E-02
-0.599908954E-02
-0.122830723E-15
 0.493985383E-02
-0.267858663E-02
 0.290321926E-02
-0.814512641E-02
 0.149739268E-02
 0.116079292E-01
 0.664773373E-02
 0.149739268E-02
 0.117356846E-02
-0.330435174E-02
 0.915838454E-02
 0.336257862E-01
-0.875725205E-02
 0.915838454E-02
 0.779640286E-02
 0.643724651E-02
-0.129320038E-03
 0.170787990E-02
 0.643724651E-02
-0.549521626E-02
 0.573815969E-02
 0.493985383E-02
 0.697882812E-15
 0.399019809E-02
-0.599908954E-02
-0.573815969E-02
 0.191910857E-01
-0.493985383E-02
 0.267858663E-02
 0.399019809E-02
 0.138447354E-01
 0.137079032E-01
 0.667644606E-03
 0.158365808E-02
-0.121006726E-01
-0.314756310E-02
 0.539886579E-02
 0.689873544E-02
-0.667644606E-03
 0.539886579E-02
 0.369212585E-02
 0.159375698E-02
 0.406205919E-02
-0.473098711E-02
-0.477641479E-02
-0.167432974E-02
 0.100540182E-02
 0.189717759E-02
-0.406205919E-02
 0.100540182E-02
 0.590943632E-02
 0.412577527E-02
-0.182336173E-02
 0.443887675E-01
 0.205782759E-01
-0.182758624E-01
 0.662473338E-02
-0.412577527E-02
-0.182758624E-01
 0.235753145E-01
 0.831296906E-03
-0.876472104E-02
-0.199699999E-02
 0.282829689E-02
 0.441577412E-03
 0.164825495E-15
 0.282829689E-02
-0.389834926E-02
-0.724089408E-02
 0.147746216E-02
-0.230875906E-02
 0.632578573E-03
 0.831296906E-03
-0.230875906E-02
 0.875725205E-02
 0.125163102E-01
 0.348930495E-02
-0.147399929E-01
-0.876472104E-02
 0.348930495E-02
 0.337492888E-01
 0.519537832E-03
-0.439231944E-02
-0.199699999E-02
 0.519537832E-03
 0.573815969E-02
 0.546647543E-02
 0.282829689E-02
 0.266072635E-15
-0.879256906E-03
 0.441577412E-03
-0.546647543E-02
-0.519184628E-02
-0.282829689E-02
 0.389834926E-02
-0.879256906E-03
 0.223085957E-01
 0.683363443E-02
 0.140131068E-02
-0.183208517E-01
-0.737364131E-03
-0.197774169E-02
-0.149417993E-01
 0.942045875E-02
-0.140131068E-02
-0.149417993E-01
 0.456742462E-02
 0.683363443E-02
-0.149417993E-01
-0.197774169E-02
-0.942045875E-02
-0.183208517E-01
 0.140131069E-02
 0.737364130E-03
 0.149417993E-01
 0.140131069E-02
 0.456742462E-02
-0.288460974E-02
 0.288460974E-02
-0.309891564E-03
-0.288460974E-02
 0.288460974E-02
-0.309891563E-03
 0.288460974E-02
 0.288460974E-02
-0.945597267E-14
-0.314793290E-01
 0.282829689E-02
-0.473339390E-02
-0.267459351E-01
 0.956172003E-02
-0.214244113E-15
-0.267459351E-01
 0.493985383E-02
 0.491668774E-02
 0.362127229E-01
-0.473339390E-02
-0.181673539E-02
-0.314793290E-01
-0.473339390E-02
-0.493985383E-02
 0.181673539E-02
-0.956172003E-02
 0.348860947E-02
 0.282829689E-02
-0.956172003E-02
 0.736662882E-02
-0.314793290E-01
 0.491668774E-02
-0.473339390E-02
-0.314793290E-01
 0.493985383E-02
 0.282829689E-02
-0.267459351E-01
 0.874179793E-15
-0.493985383E-02
 0.956172003E-02
-0.282829689E-02
 0.736662882E-02
 0.267459351E-01
-0.493985383E-02
-0.493985383E-02
-0.489854106E-14
-0.633442088E-14
 0.571398226E-15
 0.126756689E-14
-0.330340633E-13
 0.240075457E-14
-0.804795079E-15
 0.692995195E-15
 0.551235176E-14
-0.804899539E-15
 0.693722556E-15
 0.912216879E-14
-0.248034033E-14
 0.580283880E-14
-0.750953355E-15
 0.253921127E-14
-0.259578830E-14
-0.728687294E-14
 0.243905202E-14
-0.265182221E-14
 0.203256773E-14
-0.115345218E-14
 0.471172071E-14
 0.357098751E-14
-0.354420471E-14
-0.358010270E-14
 0.136773336E-13
 0.939773713E-15
-0.357397566E-14
 0.426555645E-14
-0.185458551E-14
-0.281309440E-16
-0.265024908E-14
-0.175412003E-14
 0.229946151E-14
-0.282308754E-17
-0.169869325E-14
-0.177114931E-16
 0.155573780E-13
 0.211693115E-14
-0.408623252E-14
 0.116225830E-14
-0.184071919E-14
-0.388711456E-14
-0.497690047E-15
 0.182184837E-13
-0.160096368E-14
 0.146262629E-14
 0.195520680E-15
-0.153355691E-14
 0.522262949E-14
 0.139931284E-14
-0.121842959E-14
-0.329022845E-14
 0.140146528E-14
 0.213111206E-15
-0.135496104E-15
 0.441150012E-15
 0.541553238E-18
 0.255851646E-15
-0.571976674E-15
 0.129137460E-15
-0.122158064E-14
-0.108957698E-14
 0.759350497E-15
-0.370528130E-15
 0.137410009E-01
-0.146708831E-01
-0.300958256E-02
-0.633419628E-02
-0.253117843E-02
-0.443343189E-03
-0.890043565E-02
 0.706355306E-02
 0.300958256E-02
-0.890043565E-02
 0.144966561E-01
-0.156066055E-01
-0.155784206E-02
-0.251255923E-02
-0.831347045E-02
-0.486510890E-03
-0.358389040E-02
 0.319623542E-02
 0.155784206E-02
-0.358389040E-02
 0.240085432E-02
 0.837153019E-02
-0.809844141E-02
-0.249786292E-01
-0.326544489E-04
 0.305743225E-03
 0.243123820E-01
-0.837153019E-02
 0.305743225E-03
 0.772258937E-02
-0.660715441E-02
 0.389834926E-02
-0.166730057E-02
-0.493985383E-02
 0.346827956E-02
-0.496502879E-15
-0.493985383E-02
 0.291072478E-02
-0.359291808E-03
 0.814512641E-02
-0.153797201E-02
-0.676214388E-02
-0.660715441E-02
-0.153797201E-02
-0.267858663E-02
 0.815013706E-02
-0.116891945E-01
-0.336257862E-01
 0.389834926E-02
-0.116891945E-01
-0.122675989E-01
-0.647782584E-02
-0.241460741E-02
-0.166730057E-02
-0.647782584E-02
 0.399019809E-02
-0.879256906E-03
-0.493985383E-02
 0.431236780E-15
-0.375805994E-02
 0.346827956E-02
 0.879256906E-03
-0.147198896E-01
 0.493985383E-02
-0.291072478E-02
-0.375805994E-02
 0.179277051E-02
-0.121427237E-01
-0.555936168E-02
 0.257641819E-01
-0.210488709E-01
 0.101167168E-01
 0.100881034E-01
-0.307683443E-01
 0.555936168E-02
 0.100881034E-01
-0.544798057E-02
-0.212556481E-02
 0.661202745E-02
 0.104420556E-01
-0.370061997E-02
 0.122546597E-01
 0.479942332E-02
 0.116232665E-01
-0.661202745E-02
 0.479942332E-02
-0.420696513E-02
-0.254269554E-03
-0.483302968E-02
-0.138671913E-01
-0.890318294E-02
 0.381588370E-02
 0.396723205E-01
 0.254269554E-03
 0.381588370E-02
 0.893371225E-02
 0.745595336E-02
-0.348930495E-02
-0.210576667E-02
 0.956172003E-02
-0.255488406E-01
 0.230984152E-14
 0.956172003E-02
-0.116891945E-01
-0.126522094E-01
-0.480792106E-02
-0.264803229E-02
 0.441310807E-01
 0.745595336E-02
-0.264803229E-02
 0.915838454E-02
 0.388818386E-02
 0.122533305E-01
-0.595427439E-02
-0.348930495E-02
 0.122533305E-01
 0.673750750E-01
 0.691368773E-02
 0.181406627E-01
-0.210576667E-02
 0.691368773E-02
-0.599908954E-02
 0.441577412E-03
 0.956172003E-02
-0.188374856E-14
 0.346827956E-02
-0.255488406E-01
-0.441577412E-03
 0.105610967E-01
-0.956172003E-02
 0.116891945E-01
 0.346827956E-02
-0.138447354E-01
-0.137079032E-01
-0.667644606E-03
-0.158365808E-02
 0.121006726E-01
 0.314756310E-02
-0.539886579E-02
-0.689873544E-02
 0.667644606E-03
-0.539886579E-02
-0.369212585E-02
-0.159375698E-02
-0.406205919E-02
 0.473098711E-02
 0.477641479E-02
 0.167432974E-02
-0.100540182E-02
-0.189717759E-02
 0.406205919E-02
-0.100540182E-02
-0.590943632E-02
-0.412577527E-02
 0.182336173E-02
-0.443887675E-01
-0.205782759E-01
 0.182758624E-01
-0.662473338E-02
 0.412577527E-02
 0.182758624E-01
-0.235753145E-01
-0.831296906E-03
 0.876472104E-02
 0.199699999E-02
-0.282829689E-02
-0.441577412E-03
-0.201660029E-15
-0.282829689E-02
 0.389834926E-02
 0.724089408E-02
-0.147746216E-02
 0.230875906E-02
-0.632578573E-03
-0.831296906E-03
 0.230875906E-02
-0.875725205E-02
-0.125163102E-01
-0.348930495E-02
 0.147399929E-01
 0.876472104E-02
-0.348930495E-02
-0.337492888E-01
-0.519537831E-03
 0.439231944E-02
 0.199699999E-02
-0.519537831E-03
-0.573815969E-02
-0.546647543E-02
-0.282829689E-02
-0.853823944E-16
 0.879256906E-03
-0.441577412E-03
 0.546647543E-02
 0.519184628E-02
 0.282829689E-02
-0.389834926E-02
 0.879256906E-03
 0.682342317E-02
-0.107066442E-02
-0.286548989E-02
-0.899531799E-02
-0.833165109E-02
-0.152322351E-01
 0.337142721E-02
-0.630059027E-02
 0.286548989E-02
 0.337142721E-02
 0.908781751E-02
-0.163170327E-02
 0.167578670E-02
-0.199833750E-01
-0.258617351E-01
-0.155943874E-01
-0.271320091E-02
 0.443833250E-01
-0.167578670E-02
-0.271320091E-02
 0.100312729E-01
 0.160449169E-01
-0.902087035E-02
 0.646519611E-01
 0.628697907E-02
 0.737067516E-03
-0.478259235E-01
-0.160449169E-01
 0.737067516E-03
 0.245965178E-01
 0.100824748E-02
 0.337492888E-01
-0.635838135E-02
 0.736662882E-02
 0.105610967E-01
 0.302932812E-14
 0.736662882E-02
 0.122675989E-01
 0.293378351E-01
 0.145111485E-01
-0.155193959E-01
-0.242257765E-01
 0.100824748E-02
-0.155193959E-01
-0.779640286E-02
 0.428795109E-02
-0.673750750E-01
-0.681335737E-01
 0.337492888E-01
-0.673750750E-01
-0.802780838E-01
-0.815276711E-02
-0.847283344E-02
-0.635838135E-02
-0.815276711E-02
 0.191910857E-01
-0.519184628E-02
 0.736662882E-02
-0.596540244E-15
-0.147198896E-01
 0.105610967E-01
 0.519184628E-02
-0.856644604E-02
-0.736662882E-02
-0.122675989E-01
-0.147198896E-01
-0.223085957E-01
-0.683363443E-02
-0.140131068E-02
 0.183208517E-01
 0.737364131E-03
 0.197774169E-02
 0.149417993E-01
-0.942045875E-02
 0.140131068E-02
 0.149417993E-01
-0.456742462E-02
-0.683363443E-02
 0.149417993E-01
 0.197774169E-02
 0.942045875E-02
 0.183208517E-01
-0.140131068E-02
-0.737364131E-03
-0.149417993E-01
-0.140131068E-02
-0.456742462E-02
 0.288460974E-02
-0.288460974E-02
 0.309891563E-03
 0.288460974E-02
-0.288460974E-02
 0.309891563E-03
-0.288460974E-02
-0.288460974E-02
 0.337357906E-14
 0.314793290E-01
-0.282829689E-02
 0.473339390E-02
 0.267459351E-01
-0.956172003E-02
 0.438252879E-15
 0.267459351E-01
-0.493985383E-02
-0.491668774E-02
-0.362127229E-01
 0.473339390E-02
 0.181673539E-02
 0.314793290E-01
 0.473339390E-02
 0.493985383E-02
-0.181673539E-02
 0.956172003E-02
-0.348860947E-02
-0.282829689E-02
 0.956172003E-02
-0.736662882E-02
 0.314793290E-01
-0.491668774E-02
 0.473339390E-02
 0.314793290E-01
-0.493985383E-02
-0.282829689E-02
 0.267459351E-01
 0.815327875E-15
 0.493985383E-02
-0.956172003E-02
 0.282829689E-02
-0.736662882E-02
-0.267459351E-01
 0.493985383E-02
 0.493985383E-02
 0.137410009E-01
-0.156066055E-01
-0.358389040E-02
-0.486510890E-03
-0.319623542E-02
-0.251255923E-02
-0.155784206E-02
 0.831347045E-02
 0.358389040E-02
-0.155784206E-02
 0.240085432E-02
-0.146708831E-01
-0.890043565E-02
-0.443343189E-03
-0.706355306E-02
-0.633419628E-02
-0.300958256E-02
 0.253117843E-02
 0.890043565E-02
-0.300958256E-02
 0.144966561E-01
-0.305743225E-03
 0.326544487E-04
 0.243123820E-01
 0.809844141E-02
-0.837153019E-02
-0.249786292E-01
 0.305743225E-03
-0.837153019E-02
-0.772258937E-02
-0.647782584E-02
-0.879256906E-03
-0.153797201E-02
-0.493985383E-02
 0.116891945E-01
 0.271080268E-15
-0.493985383E-02
 0.375805994E-02
-0.241460741E-02
 0.814512641E-02
-0.166730057E-02
-0.815013706E-02
-0.647782584E-02
-0.166730057E-02
-0.399019809E-02
 0.676214388E-02
-0.346827956E-02
-0.336257862E-01
-0.879256906E-03
-0.346827956E-02
-0.147198896E-01
-0.660715441E-02
-0.359291808E-03
-0.153797201E-02
-0.660715441E-02
 0.267858663E-02
 0.389834926E-02
-0.493985383E-02
-0.675482052E-16
-0.291072478E-02
 0.116891945E-01
-0.389834926E-02
-0.122675989E-01
 0.493985383E-02
-0.375805994E-02
-0.291072478E-02
 0.137410009E-01
-0.146708831E-01
-0.300958256E-02
-0.633419628E-02
-0.253117843E-02
-0.443343189E-03
-0.890043565E-02
 0.706355306E-02
 0.300958256E-02
-0.890043565E-02
 0.144966561E-01
-0.156066055E-01
-0.155784206E-02
-0.251255923E-02
-0.831347045E-02
-0.486510890E-03
-0.358389040E-02
 0.319623542E-02
 0.155784206E-02
-0.358389040E-02
 0.240085432E-02
 0.837153019E-02
-0.809844141E-02
-0.249786292E-01
-0.326544491E-04
 0.305743225E-03
 0.243123820E-01
-0.837153019E-02
 0.305743225E-03
 0.772258937E-02
-0.660715441E-02
 0.389834926E-02
-0.166730057E-02
-0.493985383E-02
 0.346827956E-02
 0.125218852E-14
-0.493985383E-02
 0.291072478E-02
-0.359291808E-03
 0.814512641E-02
-0.153797201E-02
-0.676214388E-02
-0.660715441E-02
-0.153797201E-02
-0.267858663E-02
 0.815013706E-02
-0.116891945E-01
-0.336257862E-01
 0.389834926E-02
-0.116891945E-01
-0.122675989E-01
-0.647782584E-02
-0.241460741E-02
-0.166730057E-02
-0.647782584E-02
 0.399019809E-02
-0.879256906E-03
-0.493985383E-02
-0.122691856E-15
-0.375805994E-02
 0.346827956E-02
 0.879256906E-03
-0.147198896E-01
 0.493985383E-02
-0.291072478E-02
-0.375805994E-02
